4.062680253797346652e-01 6.660257642761007180e-01 6.708325322053451112e-01 4.372236108440684665e-01 4.214574120361468945e-01 6.523745433570466989e-01 6.894827917708132858e-01 6.712170736396846360e-01 6.706402614881753488e-01 6.706402614881753488e-01 7.065948855989232502e-01 6.981349740434531492e-01 6.981349740434531492e-01 7.064026148817534878e-01 7.125552778311863289e-01 7.125552778311863289e-01 7.206306479523169051e-01 7.371659296289174712e-01 7.740819073255142957e-01 7.929244376081522327e-01 7.825418188809843967e-01
5.779657758123437628e-01 6.546817919630840699e-01 6.150740242261103496e-01 6.404537588925206526e-01 7.248606037300519001e-01 7.381272832147663943e-01 6.681407421649683265e-01 6.681407421649683265e-01 7.619688521438184869e-01 7.565852720630648065e-01 8.261872716785233495e-01 8.136896750624880159e-01 8.140742164968275407e-01 8.113824264564506450e-01 8.142664872139973031e-01 8.142664872139973031e-01 8.279177081330513222e-01 8.456066141126706848e-01 8.582964814458757807e-01 8.596423764660642286e-01 8.457988848298404472e-01
5.050951740049990368e-01 6.343010959430879225e-01 7.610074985579696749e-01 4.950970967121707256e-01 7.519707748509901757e-01 5.345125937319745724e-01 7.675447029417419298e-01 7.631224764468371724e-01 7.667756200730628802e-01 7.636992885983464596e-01 6.985195154777927851e-01 6.156508363776196369e-01 6.944818304172274415e-01 6.958277254374158893e-01 6.635262449528936957e-01 7.131320899826956161e-01 7.204383772351470316e-01 7.277446644875985582e-01 8.198423380119207460e-01 8.192655258604114588e-01 7.996539127090943611e-01
4.443376273793501197e-01 6.856373774274178157e-01 7.044799077100557527e-01 4.589502018842530062e-01 6.316093059027110268e-01 7.508171505479714902e-01 7.673524322245721674e-01 6.294943280138435293e-01 6.296865987310132917e-01 6.296865987310132917e-01 7.281292059219380830e-01 7.137089021342050144e-01 7.315900788309940284e-01 7.496635262449529158e-01 7.535089405883483860e-01 8.063833878100364894e-01 8.317631224764467923e-01 8.406075754662565291e-01 8.406075754662565291e-01 8.406075754662565291e-01 8.377235147087098710e-01
5.462411074793308563e-01 6.600653720438377503e-01 6.596808306094982255e-01 6.529513555085560972e-01 6.527590847913862238e-01 6.150740242261103496e-01 6.635262449528936957e-01 6.577581234378003794e-01 7.911940011536242601e-01 7.908094597192847353e-01 8.150355700826764638e-01 7.838877139011728445e-01 7.385118246491059191e-01 7.383195539319361567e-01 7.129398192655258537e-01 8.238800230724860896e-01 8.240722937896558520e-01 8.240722937896558520e-01 8.292636031532397700e-01 8.288790617189002452e-01 8.290713324360700076e-01
6.198807921553547429e-01 5.587387040953663009e-01 5.166314170351855584e-01 4.895212459142472827e-01 5.350894058834839706e-01 7.721592001538165606e-01 6.894827917708132858e-01 8.225341280522976417e-01 8.125360507594693305e-01 7.700442222649490631e-01 8.369544318400307104e-01 8.482984041530474695e-01 8.525283599307825755e-01 8.598346471832339910e-01 8.052297635070179149e-01 8.377235147087098710e-01 8.342626417996539256e-01 8.342626417996539256e-01 8.327244760622957154e-01 8.417611997692751036e-01 8.396462218804076061e-01
5.696981349740434242e-01 6.467986925591232561e-01 6.271870794078061584e-01 7.860026917900403420e-01 7.635070178811766972e-01 8.109978850221111202e-01 8.081138242645644620e-01 7.871563160930590275e-01 7.715823880023072734e-01 7.863872332243799779e-01 7.960007690828686533e-01 8.194577965775812212e-01 8.194577965775812212e-01 8.194577965775812212e-01 8.208036915977696690e-01 8.284945202845606094e-01 8.267640838300326367e-01 8.406075754662565291e-01 8.406075754662565291e-01 8.421457412036147394e-01 8.486829455873869943e-01
6.350701788117669722e-01 4.981734281868871461e-01 7.238992501442030880e-01 7.338973274370312883e-01 7.338973274370312883e-01 7.287060180734473702e-01 7.269755816189193975e-01 7.444722168813689978e-01 7.508171505479714902e-01 7.642761007498557468e-01 7.094789463564699084e-01 7.225533551240146402e-01 7.544702941741973090e-01 7.946548740626802054e-01 7.946548740626802054e-01 7.702364929821188255e-01 7.960007690828686533e-01 7.867717746587195027e-01 8.115746971736204074e-01 8.102288021534320706e-01 8.102288021534320706e-01
5.514324168429147743e-01 6.762161122860987916e-01 6.839069409728898430e-01 6.825610459527013951e-01 6.744856758315708189e-01 6.744856758315708189e-01 6.744856758315708189e-01 7.238992501442030880e-01 7.235147087098634522e-01 7.294751009421265309e-01 7.071716977504326485e-01 6.992885983464718347e-01 6.992885983464718347e-01 6.990963276293020723e-01 7.673524322245721674e-01 7.631224764468371724e-01 7.602384156892905143e-01 7.602384156892905143e-01 7.602384156892905143e-01 7.602384156892905143e-01 8.129205921938088553e-01
5.945010574889444399e-01 6.835223995385503182e-01 6.831378581042106823e-01 6.637185156700634581e-01 7.610074985579696749e-01 7.092866756393001459e-01 7.065948855989232502e-01 7.260142280330705855e-01 7.381272832147663943e-01 8.027302441838107816e-01 8.027302441838107816e-01 8.294558738704095324e-01 8.154201115170159886e-01 8.142664872139973031e-01 8.148432993655065903e-01 8.088829071332436227e-01 8.088829071332436227e-01 8.669486637185156441e-01 8.873293597385117915e-01 8.873293597385117915e-01 8.879061718900211897e-01
5.612382234185733232e-01 6.387233224379926799e-01 5.314362622572582628e-01 7.069794270332628860e-01 6.994808690636415971e-01 7.827340895981541591e-01 7.927321668909824703e-01 7.836954431840030821e-01 7.325514324168429514e-01 8.200346087290905084e-01 8.409921169005960540e-01 8.131128629109786177e-01 8.113824264564506450e-01 7.769659680830609538e-01 7.769659680830609538e-01 7.723514708709863230e-01 7.115939242453374058e-01 7.115939242453374058e-01 8.117669678907902808e-01 7.492789848106133910e-01 7.488944433762737551e-01
4.820226879446260493e-01 6.940972889828879167e-01 7.560084599115555193e-01 7.267833109017496351e-01 7.240915208613728504e-01 7.194770236492982196e-01 7.183233993462795342e-01 7.183233993462795342e-01 7.577388963660834920e-01 7.688905979619303777e-01 7.644683714670256203e-01 7.644683714670256203e-01 7.581234378004230168e-01 7.604306864064602767e-01 7.754278023457027436e-01 7.754278023457027436e-01 7.748509901941934563e-01 7.748509901941934563e-01 7.665833493558931178e-01 7.665833493558931178e-01 7.665833493558931178e-01
5.556623726206498803e-01 3.976158431070948018e-01 3.849259757738896504e-01 5.045183618534897496e-01 7.137089021342050144e-01 6.556431455489328819e-01 7.748509901941934563e-01 8.061911170928667270e-01 8.061911170928667270e-01 7.973466641030571012e-01 7.919630840223034207e-01 7.925398961738127079e-01 7.883099403960777130e-01 7.948471447798500789e-01 7.929244376081522327e-01 7.725437415881560854e-01 7.725437415881560854e-01 7.702364929821188255e-01 7.702364929821188255e-01 7.702364929821188255e-01 7.658142664872139571e-01
5.716208421457411593e-01 6.148817535089405872e-01 7.102480292251489580e-01 6.910209575081714961e-01 6.921745818111901816e-01 6.829455873870409199e-01 6.800615266294943728e-01 7.198615650836377444e-01 7.121707363968468041e-01 7.283214766391078454e-01 7.160161507402422743e-01 8.088829071332436227e-01 8.063833878100364894e-01 8.444529898096519993e-01 8.398384925975773685e-01 8.234954816381465648e-01 8.234954816381465648e-01 8.419534704864448660e-01 8.365698904056911855e-01 8.158046529513555134e-01 8.158046529513555134e-01
4.226110363391655245e-01 6.250721015189386609e-01 6.594885598923283521e-01 6.564122284176120425e-01 6.298788694481830541e-01 6.183426264179965326e-01 7.144779850028840640e-01 6.958277254374158893e-01 7.919630840223034207e-01 7.652374543357046699e-01 7.385118246491059191e-01 7.385118246491059191e-01 7.354354931743894985e-01 7.354354931743894985e-01 7.354354931743894985e-01 7.888867525475870002e-01 7.861949625072101044e-01 7.810036531436261864e-01 8.177273601230532485e-01 8.186887137089021715e-01 8.148432993655065903e-01
6.021918861757353802e-01 7.039030955585464655e-01 6.902518746394924465e-01 7.844645260526821318e-01 7.835031724668333197e-01 7.854258796385310548e-01 7.854258796385310548e-01 7.856181503557008172e-01 7.921553547394731831e-01 7.919630840223034207e-01 8.088829071332436227e-01 7.921553547394731831e-01 7.983080176889060242e-01 8.079215535473946996e-01 8.302249567390885820e-01 8.707940780619112253e-01 8.707940780619112253e-01 8.707940780619112253e-01 8.565660449913478081e-01 8.513747356277638900e-01 8.513747356277638900e-01
5.008652182272640419e-01 4.785618150355701039e-01 4.631801576619880567e-01 5.425879638531051485e-01 5.287444722168813671e-01 5.473947317823495418e-01 7.758123437800422684e-01 8.177273601230532485e-01 8.169582772543741989e-01 8.365698904056911855e-01 8.006152662949432841e-01 8.023457027494712568e-01 7.985002884060757866e-01 8.046529513555085167e-01 8.096519900019226723e-01 8.059988463756969646e-01 8.096519900019226723e-01 8.315708517592770299e-01 8.315708517592770299e-01 8.286867910017304828e-01 8.290713324360700076e-01
4.970198038838684607e-01 5.889252066910209971e-01 5.912324552970582570e-01 5.968083060949816998e-01 6.018073447413958554e-01 6.018073447413958554e-01 6.025764276100750161e-01 5.652759084791386668e-01 6.150740242261103496e-01 6.150740242261103496e-01 6.004614497212074076e-01 6.004614497212074076e-01 6.071909248221495359e-01 6.175735435493174830e-01 6.175735435493174830e-01 6.175735435493174830e-01 6.175735435493174830e-01 6.860219188617573405e-01 6.937127475485483918e-01 6.906364160738319713e-01 6.904441453566622089e-01
3.903095558546433308e-01 6.958277254374158893e-01 6.467986925591232561e-01 6.439146318015765980e-01 7.254374158815611873e-01 7.575466256489136185e-01 7.575466256489136185e-01 7.563930013458950441e-01 7.367813881945779464e-01 7.404345318208036542e-01 7.404345318208036542e-01 7.644683714670256203e-01 7.775427802345702410e-01 7.748509901941934563e-01 7.773505095174004786e-01 7.838877139011728445e-01 7.804268409921168992e-01 7.823495481638146343e-01 7.823495481638146343e-01 7.779273216689098769e-01 7.829263603153239215e-01
5.673908863680061643e-01 6.404537588925206526e-01 6.189194385695058198e-01 8.167660065372044365e-01 8.188809844260719339e-01 7.763891559315516666e-01 8.333012882138050026e-01 7.956162276485291285e-01 7.958084983656988909e-01 8.261872716785233495e-01 8.231109402038069289e-01 8.246491059411651392e-01 8.371467025572005838e-01 8.367621611228609479e-01 8.367621611228609479e-01 8.367621611228609479e-01 8.390694097288983189e-01 8.507979234762546028e-01 8.684868294558738544e-01 8.859834647183234546e-01 8.805998846375696631e-01
5.654681791963084292e-01 6.762161122860987916e-01 5.174004999038646080e-01 7.194770236492982196e-01 7.196692943664679820e-01 7.156316093059027494e-01 6.627571620842145350e-01 7.496635262449529158e-01 7.185156700634492966e-01 7.285137473562776078e-01 7.502403383964622030e-01 7.919630840223034207e-01 8.025379734666410192e-01 7.954239569313593661e-01 7.727360123053258478e-01 7.892712939819265250e-01 7.892712939819265250e-01 7.892712939819265250e-01 7.892712939819265250e-01 7.892712939819265250e-01 7.873485868102287899e-01
