5.629686598731012959e-01 5.831570851759276808e-01 5.570082676408383282e-01 5.489328975197077520e-01 5.727744664487598447e-01 5.870024995193232620e-01 6.133435877715823770e-01 6.143049413574313000e-01 6.416073831955393381e-01 7.023649298211882552e-01 6.977504326091136244e-01 6.939050182657181542e-01 6.952509132859066021e-01 6.975581618919438620e-01 6.927513939626994688e-01 6.927513939626994688e-01 6.998654104979811219e-01 6.958277254374158893e-01 6.964045375889251765e-01 6.937127475485483918e-01 6.921745818111901816e-01
5.045183618534897496e-01 5.585464333781965385e-01 6.068063833878100111e-01 6.314170351855412644e-01 6.481445875793117040e-01 6.293020572966737669e-01 6.758315708517592668e-01 6.616035377811959606e-01 6.604499134781772751e-01 6.244952893674293737e-01 6.314170351855412644e-01 6.562199577004421691e-01 6.104595270140357188e-01 6.352624495289367346e-01 6.444914439530859962e-01 6.541049798115746716e-01 6.560276869832724067e-01 6.808306094981734224e-01 6.741011343972312941e-01 6.860219188617573405e-01 6.777542780234570019e-01
4.458757931167083299e-01 4.479907710055758274e-01 4.502980196116131428e-01 4.472216881368967778e-01 4.443376273793501197e-01 4.452989809651989872e-01 4.468371467025571975e-01 4.462603345510478547e-01 4.468371467025571975e-01 4.462603345510478547e-01 4.464526052682176727e-01 4.462603345510478547e-01 4.464526052682176727e-01 4.470294174197269599e-01 4.468371467025571975e-01 4.470294174197269599e-01 4.474139588540665402e-01 4.472216881368967778e-01 4.472216881368967778e-01 4.474139588540665402e-01 4.474139588540665402e-01
5.466256489136704921e-01 5.960392232263026502e-01 6.448759853874255210e-01 6.275716208421457942e-01 6.118054220342241667e-01 6.416073831955393381e-01 6.412228417611998132e-01 6.452605268217650458e-01 6.450682561045952834e-01 6.450682561045952834e-01 6.448759853874255210e-01 6.444914439530859962e-01 6.450682561045952834e-01 6.450682561045952834e-01 6.444914439530859962e-01 6.448759853874255210e-01 6.446837146702557586e-01 6.444914439530859962e-01 6.448759853874255210e-01 6.448759853874255210e-01 6.448759853874255210e-01
6.029609690444145409e-01 6.164199192462987975e-01 6.014228033070563306e-01 6.112286098827148795e-01 6.131513170544126146e-01 6.073831955393194093e-01 6.043068640646029888e-01 6.060373005191309614e-01 6.071909248221495359e-01 6.058450298019611990e-01 6.054604883676215632e-01 6.191117092866756932e-01 8.090751778504133851e-01 7.019803883868487304e-01 8.181119015573927733e-01 7.879253989617380771e-01 6.596808306094982255e-01 6.460296096904440954e-01 6.708325322053451112e-01 7.039030955585464655e-01 8.204191501634301442e-01
3.864641415112478606e-01 3.589694289559700047e-01 3.764660642184195494e-01 4.749086714093443407e-01 5.072101518938665343e-01 5.166314170351855584e-01 5.677754278023456891e-01 5.372043837723514681e-01 5.548932897519707197e-01 5.773889636608344755e-01 5.973851182464910980e-01 6.058450298019611990e-01 5.964237646606421750e-01 5.950778696404537271e-01 6.069986541049797735e-01 6.102672562968659564e-01 6.214189578927129531e-01 6.262257258219573464e-01 6.346856373774274473e-01 6.304556815996923413e-01 6.331474716400692371e-01
5.579696212266871402e-01 5.618150355700827214e-01 5.437415881561238340e-01 5.771966929436647131e-01 5.452797538934820443e-01 5.829648144587579184e-01 6.366083445491251824e-01 5.877715823880023116e-01 6.237262064987502130e-01 6.094981734281869068e-01 6.298788694481830541e-01 6.408383003268601774e-01 6.362238031147856576e-01 6.294943280138435293e-01 6.329552009228994747e-01 6.396846760238416030e-01 6.350701788117669722e-01 6.454527975389348082e-01 6.500672947510094390e-01 6.494904825995000408e-01 6.491059411651605160e-01
6.350701788117669722e-01 4.731782349548163680e-01 5.195154777927322165e-01 4.885598923283983597e-01 5.062487983080177223e-01 5.245145164391463721e-01 5.174004999038646080e-01 5.272063064795231568e-01 5.252835993078254218e-01 5.233608921361276867e-01 5.258604114593347090e-01 5.285522014997116047e-01 5.200922899442415037e-01 5.220149971159392388e-01 5.245145164391463721e-01 5.285522014997116047e-01 5.275908479138626817e-01 5.285522014997116047e-01 5.539319361661219077e-01 5.781580465295135252e-01 6.037300519130935905e-01
5.512401461257450119e-01 5.537396654489521453e-01 5.589309748125360633e-01 5.575850797923476154e-01 5.375889252066909929e-01 5.531628532974427470e-01 6.127667756200730897e-01 6.464141511247837313e-01 6.644875985387425077e-01 6.514131897711978869e-01 6.469909632762930185e-01 6.581426648721400152e-01 6.704479907710055864e-01 6.833301288213805558e-01 6.844837531243991302e-01 6.808306094981734224e-01 6.885214381849644738e-01 6.837146702557200806e-01 6.954431840030763645e-01 7.008267640838300450e-01 7.177465871947702469e-01
5.935397039030955169e-01 5.335512401461257603e-01 5.895020188425302843e-01 5.837338973274370790e-01 6.108440684483753547e-01 5.943087867717746775e-01 6.075754662564891717e-01 6.094981734281869068e-01 6.148817535089405872e-01 6.150740242261103496e-01 6.073831955393194093e-01 6.150740242261103496e-01 6.150740242261103496e-01 6.150740242261103496e-01 6.150740242261103496e-01 6.166121899634685599e-01 6.150740242261103496e-01 6.439146318015765980e-01 6.377619688521438679e-01 6.431455489328975483e-01 6.393001345895019671e-01
5.612382234185733232e-01 5.429725052874446733e-01 6.185348971351662950e-01 6.419919246298788629e-01 6.350701788117669722e-01 6.429532782157277859e-01 6.450682561045952834e-01 6.391078638723322047e-01 6.435300903672370731e-01 6.419919246298788629e-01 6.398769467410113654e-01 6.417996539127091005e-01 6.454527975389348082e-01 6.550663333974235947e-01 6.817919630840223455e-01 7.221688136896751153e-01 7.067871563160930126e-01 7.208229186694866675e-01 7.271678523360891599e-01 7.248606037300519001e-01 7.273601230532590334e-01
4.833685829648144416e-01 5.452797538934820443e-01 5.716208421457411593e-01 5.733512786002691319e-01 5.348971351663142082e-01 5.220149971159392388e-01 5.677754278023456891e-01 6.077677369736589341e-01 6.071909248221495359e-01 6.091136319938473820e-01 6.023841568929052537e-01 6.100749855796961940e-01 6.356469909632762594e-01 6.210344164583734283e-01 6.260334551047875840e-01 6.231493943472409258e-01 6.373774274178042321e-01 6.441069025187463604e-01 6.402614881753508902e-01 6.466064218419534937e-01 6.467986925591232561e-01
3.922322630263410659e-01 4.043453182080369301e-01 4.103057104402999533e-01 4.158815612382233962e-01 4.243414727936934971e-01 4.354931743895404939e-01 4.724091520861372628e-01 5.427802345702749109e-01 5.548932897519707197e-01 5.733512786002691319e-01 5.873870409536627868e-01 5.902711017112093339e-01 5.948855989232839647e-01 6.012305325898865682e-01 6.150740242261103496e-01 6.150740242261103496e-01 6.150740242261103496e-01 6.150740242261103496e-01 6.150740242261103496e-01 6.150740242261103496e-01 6.150740242261103496e-01
5.223995385502787636e-01 5.518169582772544102e-01 5.633532013074409317e-01 5.712363007114016344e-01 5.833493558930974432e-01 5.927706210344164672e-01 5.887329359738512347e-01 6.048836762161122760e-01 6.119976927513939291e-01 6.150740242261103496e-01 6.150740242261103496e-01 6.150740242261103496e-01 6.150740242261103496e-01 6.150740242261103496e-01 6.150740242261103496e-01 6.150740242261103496e-01 6.150740242261103496e-01 6.150740242261103496e-01 6.150740242261103496e-01 6.150740242261103496e-01 6.150740242261103496e-01
4.229955777735051048e-01 4.993270524899057761e-01 4.641415112478369798e-01 4.408767544702941743e-01 4.737550471063257107e-01 4.991347817727360137e-01 4.422226494904826222e-01 4.262641799653912877e-01 4.299173235916169955e-01 4.481830417227456453e-01 4.545279753893481933e-01 4.677946548740626875e-01 4.626033455104787695e-01 4.924053066717938854e-01 4.983656989040569085e-01 5.025956546817920145e-01 5.045183618534897496e-01 5.102864833685829549e-01 5.054797154393385616e-01 5.039415497019803514e-01 5.024033839646221411e-01
6.431455489328975483e-01 6.298788694481830541e-01 5.956546817919631254e-01 5.987310132666794349e-01 6.237262064987502130e-01 6.158431070947895103e-01 6.316093059027110268e-01 6.473755047106325433e-01 6.564122284176120425e-01 7.146702557200538264e-01 6.925591232455297064e-01 7.064026148817534878e-01 7.202461065179772692e-01 7.273601230532590334e-01 7.192847529321284572e-01 7.089021342049606211e-01 7.146702557200538264e-01 7.144779850028840640e-01 7.215920015381657171e-01 7.304364545279753429e-01 7.246683330128821376e-01
5.008652182272640419e-01 5.099019419342434301e-01 5.220149971159392388e-01 5.389348202268794408e-01 5.579696212266871402e-01 5.910401845798884946e-01 5.950778696404537271e-01 5.725821957315900823e-01 5.835416266102672056e-01 5.852720630647951783e-01 5.906556431455489697e-01 6.050759469332820384e-01 6.150740242261103496e-01 6.087290905595077461e-01 6.150740242261103496e-01 6.150740242261103496e-01 6.150740242261103496e-01 6.150740242261103496e-01 6.150740242261103496e-01 6.150740242261103496e-01 6.150740242261103496e-01
5.475870024995193042e-01 5.808498365698904209e-01 6.021918861757353802e-01 5.910401845798884946e-01 5.954624110747933630e-01 5.939242453374351527e-01 5.966160353778119374e-01 5.945010574889444399e-01 6.046914054989425136e-01 6.125745049029033273e-01 6.073831955393194093e-01 6.089213612766775086e-01 6.087290905595077461e-01 6.102672562968659564e-01 6.144972120746010624e-01 6.141126706402615376e-01 6.156508363776196369e-01 6.150740242261103496e-01 6.150740242261103496e-01 6.150740242261103496e-01 6.150740242261103496e-01
3.908863680061526735e-01 4.912516823687752554e-01 4.979811574697173837e-01 6.037300519130935905e-01 6.083445491251682213e-01 6.044991347817727512e-01 6.075754662564891717e-01 6.071909248221495359e-01 6.091136319938473820e-01 6.106517977312055923e-01 6.106517977312055923e-01 6.129590463372428522e-01 6.150740242261103496e-01 6.150740242261103496e-01 6.150740242261103496e-01 6.150740242261103496e-01 6.150740242261103496e-01 6.150740242261103496e-01 6.150740242261103496e-01 6.150740242261103496e-01 6.150740242261103496e-01
4.389540472985964392e-01 4.604883676216112165e-01 4.637569698134973994e-01 4.770236492982118937e-01 5.081715054797154574e-01 5.193232070755623431e-01 4.995193232070755385e-01 5.166314170351855584e-01 5.543164776004614325e-01 5.250913285906556593e-01 5.375889252066909929e-01 5.429725052874446733e-01 5.483560853681984648e-01 5.645068256104595061e-01 5.662372620649874788e-01 5.800807537012112602e-01 5.664295327821572412e-01 5.679676985195154515e-01 5.604691405498942736e-01 5.681599692366852139e-01 5.681599692366852139e-01
5.654681791963084292e-01 5.533551240146126204e-01 5.618150355700827214e-01 5.696981349740434242e-01 5.206691020957507909e-01 5.670063449336666395e-01 5.552778311863103555e-01 5.839261680446068414e-01 5.823880023072486312e-01 6.389155931551624423e-01 6.554508748317631195e-01 6.529513555085560972e-01 6.437223610844068356e-01 6.508363776196884887e-01 6.554508748317631195e-01 6.533358969428956220e-01 6.604499134781772751e-01 6.631417035185541708e-01 6.642953278215727453e-01 6.667948471447798786e-01 6.702557200538358240e-01
