5.779657758123437628e-01 6.594885598923283521e-01 7.164006921745817991e-01 6.979427033262833868e-01 7.238992501442030880e-01 6.179580849836570078e-01 7.281292059219380830e-01 7.629302057296674100e-01 8.113824264564506450e-01 8.108056143049413578e-01 8.196500672947509836e-01 8.440684483753124745e-01 8.432993655066333138e-01 8.067679292443761252e-01 8.236877523553163272e-01 8.156123822341857510e-01 8.567583157085175705e-01 8.527206306479523379e-01 8.584887521630455431e-01 8.531051720822918627e-01 8.602191886175735158e-01
5.050951740049990368e-01 6.341088252259180491e-01 6.319938473370505516e-01 7.661988079215535929e-01 7.435108632955200747e-01 6.792924437608152122e-01 6.792924437608152122e-01 7.046721784272255151e-01 6.971736204576043372e-01 7.873485868102287899e-01 7.885022111132474754e-01 7.842722553355123694e-01 7.750432609113632187e-01 8.486829455873869943e-01 8.513747356277638900e-01 8.644491443953086218e-01 8.855989232839838188e-01 8.992501442030378378e-01 8.913670447990771351e-01 8.779080945971928784e-01 8.777158238800231160e-01
4.443376273793501197e-01 6.858296481445875781e-01 6.542972505287444340e-01 6.400692174581811278e-01 8.323399346279561906e-01 8.425302826379542642e-01 8.323399346279561906e-01 8.269563545472025101e-01 8.123437800422995680e-01 8.717554316477600374e-01 8.586810228802153055e-01 8.579119400115362559e-01 8.331090174966352402e-01 8.336858296481446384e-01 8.919438569505864223e-01 9.048259950009613917e-01 8.836762161122860837e-01 8.744472216881369331e-01 8.613728129205922013e-01 8.473370505671986574e-01 8.494520284560661549e-01
5.462411074793308563e-01 6.600653720438377503e-01 7.142857142857143016e-01 5.929628917515862296e-01 5.437415881561238340e-01 6.714093443568543984e-01 7.571620842145740937e-01 7.856181503557008172e-01 7.940780619111709182e-01 7.888867525475870002e-01 7.811959238607959488e-01 7.669678907902326426e-01 7.663910786387233554e-01 7.667756200730628802e-01 8.233032109209766913e-01 8.306094981734282179e-01 8.467602384156892592e-01 8.738704095366275348e-01 8.731013266679484852e-01 8.707940780619112253e-01 8.707940780619112253e-01
6.198807921553547429e-01 6.639107863872332205e-01 6.479523168621419416e-01 6.412228417611998132e-01 6.394924053066718406e-01 6.362238031147856576e-01 6.358392616804460218e-01 6.358392616804460218e-01 6.385310517208229175e-01 6.800615266294943728e-01 7.448567583157085226e-01 7.190924822149586948e-01 7.014035762353393322e-01 6.967890790232647014e-01 8.371467025572005838e-01 8.213805037492789562e-01 8.309940396077677427e-01 8.536819842338011499e-01 8.421457412036147394e-01 8.684868294558738544e-01 8.675254758700250424e-01
4.062680253797346652e-01 6.890982503364737610e-01 6.767929244376081899e-01 6.660257642761007180e-01 6.552586041145933571e-01 6.550663333974235947e-01 6.523745433570466989e-01 6.523745433570466989e-01 6.667948471447798786e-01 6.625648913670447726e-01 6.625648913670447726e-01 6.150740242261103496e-01 6.150740242261103496e-01 6.150740242261103496e-01 7.040953662757162279e-01 7.040953662757162279e-01 7.187079407806190590e-01 7.813881945779658222e-01 7.813881945779658222e-01 7.813881945779658222e-01 8.196500672947509836e-01
5.696981349740434242e-01 7.129398192655258537e-01 5.935397039030955169e-01 8.111901557392808826e-01 7.033262834070370673e-01 7.588925206691020664e-01 7.485099019419342303e-01 7.337050567198615258e-01 8.133051336281483801e-01 7.992693712747548362e-01 7.406268025379734166e-01 7.983080176889060242e-01 7.886944818304172378e-01 8.206114208805999066e-01 8.184964429917324091e-01 8.554124206883291226e-01 8.623341665064411243e-01 8.607960007690829141e-01 8.794462603345510887e-01 8.794462603345510887e-01 8.590655643145549414e-01
6.350701788117669722e-01 7.258219573159008231e-01 6.800615266294943728e-01 5.550855604691405931e-01 6.775620073062872395e-01 6.441069025187463604e-01 7.015958469525090946e-01 7.244760622957123752e-01 7.312055373966545035e-01 7.279369352047683206e-01 7.173620457604307221e-01 7.156316093059027494e-01 6.975581618919438620e-01 7.738896366083445333e-01 7.875408575273985523e-01 7.908094597192847353e-01 8.086906364160738603e-01 8.271486252643722725e-01 8.377235147087098710e-01 8.496442991732359173e-01 8.554124206883291226e-01
5.514324168429147743e-01 6.783310901749664001e-01 6.577581234378003794e-01 6.423764660642183877e-01 6.375696981349739945e-01 6.350701788117669722e-01 6.350701788117669722e-01 6.294943280138435293e-01 6.294943280138435293e-01 6.287252451451643687e-01 6.287252451451643687e-01 6.287252451451643687e-01 6.275716208421457942e-01 6.275716208421457942e-01 6.275716208421457942e-01 6.275716208421457942e-01 6.275716208421457942e-01 6.275716208421457942e-01 6.277638915593155566e-01 6.266102672562968712e-01 6.467986925591232561e-01
5.945010574889444399e-01 4.602960969044414541e-01 6.362238031147856576e-01 6.975581618919438620e-01 6.983272447606229116e-01 7.383195539319361567e-01 7.162084214574120367e-01 7.285137473562776078e-01 7.319746202653335532e-01 7.517785041338204133e-01 7.587002499519323040e-01 7.585079792347625416e-01 7.585079792347625416e-01 7.731205537396654837e-01 8.038838684868294671e-01 8.065756585272062518e-01 8.156123822341857510e-01 8.015766198807922072e-01 8.290713324360700076e-01 8.432993655066333138e-01 8.334935589309747650e-01
5.612382234185733232e-01 6.173812728321476095e-01 6.139203999230916642e-01 8.092674485675831475e-01 7.337050567198615258e-01 6.852528359930782909e-01 6.791001730436454498e-01 6.760238415689290292e-01 6.760238415689290292e-01 7.387040953662756815e-01 6.639107863872332205e-01 6.610267256296865623e-01 6.731397808113823711e-01 8.094597192847529099e-01 8.084983656989040979e-01 7.821572774466448719e-01 7.671601615074024050e-01 8.077292828302249372e-01 8.127283214766390929e-01 8.532974427994616251e-01 8.479138627187079447e-01
4.820226879446260493e-01 6.939050182657181542e-01 6.833301288213805558e-01 6.714093443568543984e-01 6.633339742357239333e-01 7.156316093059027494e-01 7.100557585079791956e-01 7.565852720630648065e-01 7.240915208613728504e-01 7.185156700634492966e-01 7.183233993462795342e-01 8.208036915977696690e-01 7.827340895981541591e-01 7.823495481638146343e-01 7.823495481638146343e-01 8.431070947894635514e-01 8.421457412036147394e-01 8.684868294558738544e-01 8.923283983849259471e-01 9.038646414151124686e-01 9.069409728898288892e-01
5.556623726206498803e-01 6.452605268217650458e-01 6.327629302057297123e-01 6.264179965391271088e-01 6.241107479330897378e-01 6.206498750240337925e-01 6.241107479330897378e-01 6.237262064987502130e-01 6.237262064987502130e-01 6.237262064987502130e-01 6.221880407613920028e-01 6.219957700442222404e-01 6.219957700442222404e-01 6.506441069025187263e-01 7.796577581234378496e-01 7.046721784272255151e-01 8.215727744664487187e-01 8.219573159007883545e-01 8.254181888098442998e-01 8.383003268602191582e-01 8.444529898096519993e-01
5.716208421457411593e-01 6.148817535089405872e-01 6.187271678523360574e-01 6.198807921553547429e-01 6.393001345895019671e-01 6.408383003268601774e-01 6.673716592962891658e-01 7.025572005383580176e-01 7.369736589117477088e-01 7.373582003460873446e-01 7.427417804268410251e-01 7.396654489521246045e-01 7.187079407806190590e-01 7.158238800230725118e-01 7.158238800230725118e-01 7.158238800230725118e-01 7.158238800230725118e-01 7.783118631032494017e-01 7.788886752547586889e-01 8.550278792539895978e-01 8.236877523553163272e-01
4.226110363391655245e-01 6.216112286098827155e-01 6.243030186502596113e-01 6.923668525283599440e-01 6.729475100942126087e-01 6.698711786194962992e-01 6.675639300134589282e-01 7.219765429725052419e-01 7.173620457604307221e-01 7.121707363968468041e-01 7.123630071140165665e-01 7.114016535281676434e-01 7.019803883868487304e-01 7.496635262449529158e-01 7.485099019419342303e-01 7.562007306287252817e-01 7.694674101134397759e-01 7.636992885983464596e-01 7.892712939819265250e-01 7.940780619111709182e-01 8.298404153047490572e-01
6.021918861757353802e-01 7.060180734474139630e-01 6.912132282253412585e-01 6.742934051144010565e-01 6.777542780234570019e-01 6.962122668717554141e-01 7.642761007498557468e-01 7.963853105172081781e-01 7.931167083253221062e-01 7.963853105172081781e-01 7.981157469717361508e-01 8.123437800422995680e-01 8.123437800422995680e-01 8.052297635070179149e-01 8.052297635070179149e-01 8.625264372236108867e-01 8.525283599307825755e-01 8.457988848298404472e-01 8.729090559507787228e-01 9.000192270717169984e-01 8.963660834454912907e-01
5.008652182272640419e-01 6.587194770236493024e-01 7.650451836185349075e-01 6.758315708517592668e-01 6.771774658719477147e-01 6.989040569121323099e-01 6.767929244376081899e-01 6.414151124783695757e-01 6.952509132859066021e-01 6.921745818111901816e-01 7.050567198615650399e-01 7.669678907902326426e-01 7.952316862141896037e-01 7.744664487598538205e-01 7.736973658911747709e-01 7.965775812343780515e-01 7.940780619111709182e-01 7.940780619111709182e-01 7.940780619111709182e-01 8.161891943856950382e-01 8.325322053451259530e-01
4.970198038838684607e-01 5.889252066910209971e-01 5.971928475293213356e-01 6.944818304172274415e-01 6.702557200538358240e-01 7.469717362045760201e-01 7.661988079215535929e-01 8.425302826379542642e-01 8.108056143049413578e-01 7.413958854066525772e-01 7.817727360123053471e-01 7.419726975581618644e-01 7.275523937704287958e-01 7.677369736589118032e-01 8.004229955777735217e-01 8.188809844260719339e-01 8.467602384156892592e-01 8.769467410113439554e-01 8.709863487790809877e-01 8.602191886175735158e-01 8.642568736781388594e-01
3.903095558546433308e-01 7.023649298211882552e-01 6.806383387810036600e-01 6.648721399730821435e-01 6.541049798115746716e-01 6.496827533166699142e-01 6.483368582964814664e-01 6.481445875793117040e-01 6.471832339934627809e-01 6.471832339934627809e-01 6.471832339934627809e-01 6.469909632762930185e-01 6.469909632762930185e-01 6.660257642761007180e-01 7.394731782349548421e-01 7.304364545279753429e-01 7.656219957700441947e-01 7.423572389925013892e-01 8.063833878100364894e-01 8.417611997692751036e-01 8.417611997692751036e-01
5.673908863680061643e-01 6.312247644683715020e-01 6.223803114785617652e-01 6.194962507210152181e-01 6.175735435493174830e-01 6.173812728321476095e-01 6.173812728321476095e-01 6.173812728321476095e-01 6.173812728321476095e-01 6.810228802153431849e-01 6.619880792155354854e-01 6.616035377811959606e-01 6.581426648721400152e-01 6.554508748317631195e-01 6.554508748317631195e-01 7.983080176889060242e-01 8.250336473755046640e-01 8.392616804460680813e-01 8.213805037492789562e-01 8.592578350317247038e-01 8.909825033647374992e-01
5.654681791963084292e-01 6.792924437608152122e-01 6.579503941549702528e-01 7.479330897904249431e-01 7.281292059219380830e-01 7.056335320130744382e-01 7.190924822149586948e-01 7.288982887906172436e-01 7.550471063257065962e-01 7.592770621034415912e-01 7.588925206691020664e-01 7.769659680830609538e-01 6.883291674677946004e-01 8.333012882138050026e-01 8.215727744664487187e-01 8.365698904056911855e-01 8.490674870217266301e-01 8.548356085368198354e-01 8.588732935973850680e-01 8.588732935973850680e-01 8.671409344356854065e-01
