5.141318977119784250e-01 4.854835608536819946e-01 6.308402230340318662e-01 6.546817919630840699e-01 7.271678523360891599e-01 6.906364160738319713e-01 7.686983272447606153e-01 7.388963660834454439e-01 7.656219957700441947e-01 7.790809459719284513e-01 8.294558738704095324e-01 8.198423380119207460e-01 8.319553931936166657e-01 8.113824264564506450e-01 8.319553931936166657e-01 7.983080176889060242e-01 8.133051336281483801e-01 8.075370121130551748e-01 8.071524706787156500e-01 8.663718515670063569e-01 8.390694097288983189e-01
4.879830801768890725e-01 5.583541626610267761e-01 5.389348202268794408e-01 6.318015766198807892e-01 7.810036531436261864e-01 7.819650067294751095e-01 7.756200730628725060e-01 7.106325706594885938e-01 7.277446644875985582e-01 8.561815035570082832e-01 8.258027302441838247e-01 8.365698904056911855e-01 8.300326860219188196e-01 8.398384925975773685e-01 8.304172274562584555e-01 7.979234762545663884e-01 7.921553547394731831e-01 7.817727360123053471e-01 8.486829455873869943e-01 8.204191501634301442e-01 8.217650451836184811e-01
4.814458757931167066e-01 6.969813497404345748e-01 7.460103826187272080e-01 6.971736204576043372e-01 7.615843107094789621e-01 7.215920015381657171e-01 7.550471063257065962e-01 7.139011728513747768e-01 7.479330897904249431e-01 8.171505479715439613e-01 7.958084983656988909e-01 7.415881561238223396e-01 8.627187079407806491e-01 8.419534704864448660e-01 8.559892328398385208e-01 8.358008075370121359e-01 8.719477023649297998e-01 8.925206691020957095e-01 8.600269179004037534e-01 8.556046914054989960e-01 8.750240338396462203e-01
4.495289367429340377e-01 5.818111901557392329e-01 5.989232839838493083e-01 5.900788309940395715e-01 6.410305710440299398e-01 6.673716592962891658e-01 7.121707363968468041e-01 6.506441069025187263e-01 7.017881176696788570e-01 7.046721784272255151e-01 7.115939242453374058e-01 7.598538742549509895e-01 7.575466256489136185e-01 8.036915977696597047e-01 8.256104595270140623e-01 8.525283599307825755e-01 8.340703710824841632e-01 8.309940396077677427e-01 8.469525091328590216e-01 8.402230340319168933e-01 8.411843876177658164e-01
6.073831955393194093e-01 7.923476254566429455e-01 7.462026533358969704e-01 7.558161891943856459e-01 7.173620457604307221e-01 7.694674101134397759e-01 7.279369352047683206e-01 7.500480676792924406e-01 7.110171120938281186e-01 7.462026533358969704e-01 7.563930013458950441e-01 7.348586810228802113e-01 7.608152278407998015e-01 7.756200730628725060e-01 7.471640069217457825e-01 7.869640453758892651e-01 7.836954431840030821e-01 8.169582772543741989e-01 8.425302826379542642e-01 8.379157854258796334e-01 8.625264372236108867e-01
4.704864449144395278e-01 7.356277638915592609e-01 6.621803499327052478e-01 7.965775812343780515e-01 7.177465871947702469e-01 7.240915208613728504e-01 7.185156700634492966e-01 7.146702557200538264e-01 7.052489905787349134e-01 7.077485099019419357e-01 6.898673332051528106e-01 7.233224379926936898e-01 7.285137473562776078e-01 7.758123437800422684e-01 7.919630840223034207e-01 8.100365314362623081e-01 8.392616804460680813e-01 8.679100173043645672e-01 8.654104979811574339e-01 8.519515477792731772e-01 8.475293212843684199e-01
5.012497596616035667e-01 6.758315708517592668e-01 7.392809075177850797e-01 6.879446260334550756e-01 7.748509901941934563e-01 7.323591616996731890e-01 7.769659680830609538e-01 7.758123437800422684e-01 7.456258411843875722e-01 7.615843107094789621e-01 7.850413382041915300e-01 8.033070563353201798e-01 8.236877523553163272e-01 7.835031724668333197e-01 7.746587194770236939e-01 8.213805037492789562e-01 8.234954816381465648e-01 8.084983656989040979e-01 8.652182272639876714e-01 8.523360892136128131e-01 8.706018073447413519e-01
5.954624110747933630e-01 8.248413766583349016e-01 8.140742164968275407e-01 7.065948855989232502e-01 7.006344933666602826e-01 6.783310901749664001e-01 6.523745433570466989e-01 6.700634493366660616e-01 7.506248798308017278e-01 7.517785041338204133e-01 7.800422995577773744e-01 7.785041338204191641e-01 7.871563160930590275e-01 8.090751778504133851e-01 7.990771005575850738e-01 8.338781003653144008e-01 8.407998461834262915e-01 8.352239953855027377e-01 8.627187079407806491e-01 8.615650836377619637e-01 8.509901941934243652e-01
5.247067871563161345e-01 6.091136319938473820e-01 7.012113055181695698e-01 6.464141511247837313e-01 6.927513939626994688e-01 7.283214766391078454e-01 6.823687752355316327e-01 7.025572005383580176e-01 6.846760238415688926e-01 7.433185925783503123e-01 7.562007306287252817e-01 7.042876369928859903e-01 7.381272832147663943e-01 8.159969236685252758e-01 7.985002884060757866e-01 8.190732551432416964e-01 8.090751778504133851e-01 8.579119400115362559e-01 8.456066141126706848e-01 8.577196692943664935e-01 8.729090559507787228e-01
5.114401076716016403e-01 7.094789463564699084e-01 7.265910401845798727e-01 8.073447413958854124e-01 7.237069794270332146e-01 7.621611228609882494e-01 7.192847529321284572e-01 7.106325706594885938e-01 7.177465871947702469e-01 7.283214766391078454e-01 7.090944049221303835e-01 7.112093828109978810e-01 7.350509517400499737e-01 8.081138242645644620e-01 8.069601999615458876e-01 8.063833878100364894e-01 8.367621611228609479e-01 8.534897135166313875e-01 8.477215920015381823e-01 8.406075754662565291e-01 8.573351278600269687e-01
5.079792347625456950e-01 6.014228033070563306e-01 6.877523553162853132e-01 7.192847529321284572e-01 7.485099019419342303e-01 7.240915208613728504e-01 7.154393385887329870e-01 6.925591232455297064e-01 7.154393385887329870e-01 7.087098634877908587e-01 8.627187079407806491e-01 8.469525091328590216e-01 8.329167467794654778e-01 8.279177081330513222e-01 8.404153047490867667e-01 8.231109402038069289e-01 8.115746971736204074e-01 8.177273601230532485e-01 8.694481830417227775e-01 8.557969621226687584e-01 8.288790617189002452e-01
5.643145548932897437e-01 6.081522784079984589e-01 6.514131897711978869e-01 6.639107863872332205e-01 6.875600845991155508e-01 7.333205152855220010e-01 7.125552778311863289e-01 7.085175927706209853e-01 7.215920015381657171e-01 7.646606421841953827e-01 7.985002884060757866e-01 8.411843876177658164e-01 8.452220726783310489e-01 8.088829071332436227e-01 7.810036531436261864e-01 7.833109017496635573e-01 7.946548740626802054e-01 7.894635646990962874e-01 7.644683714670256203e-01 8.079215535473946996e-01 8.113824264564506450e-01
5.691213228225341370e-01 5.150932512978273481e-01 6.041145933474332264e-01 7.008267640838300450e-01 6.890982503364737610e-01 6.867910017304365011e-01 6.989040569121323099e-01 7.761968852143819042e-01 7.515862334166506509e-01 8.375312439915401086e-01 7.861949625072101044e-01 8.152278407998462262e-01 8.336858296481446384e-01 8.336858296481446384e-01 8.217650451836184811e-01 8.181119015573927733e-01 8.194577965775812212e-01 8.146510286483368279e-01 8.161891943856950382e-01 8.177273601230532485e-01 8.200346087290905084e-01
5.779657758123437628e-01 5.097096712170736676e-01 6.025764276100750161e-01 6.865987310132666277e-01 6.756393001345895044e-01 6.423764660642183877e-01 6.508363776196884887e-01 7.388963660834454439e-01 7.552393770428763586e-01 7.919630840223034207e-01 8.190732551432416964e-01 8.131128629109786177e-01 8.359930782541818983e-01 7.936935204768313934e-01 7.696596808306095383e-01 8.023457027494712568e-01 8.404153047490867667e-01 8.550278792539895978e-01 8.450298019611612865e-01 8.696404537588925399e-01 8.875216304556815539e-01
5.275908479138626817e-01 6.467986925591232561e-01 6.148817535089405872e-01 6.241107479330897378e-01 7.087098634877908587e-01 7.360123053258988968e-01 7.023649298211882552e-01 7.337050567198615258e-01 7.356277638915592609e-01 7.635070178811766972e-01 7.788886752547586889e-01 7.756200730628725060e-01 7.735050951740050085e-01 8.181119015573927733e-01 8.140742164968275407e-01 8.546433378196500730e-01 8.356085368198423735e-01 8.242645645068256144e-01 8.525283599307825755e-01 8.248413766583349016e-01 8.309940396077677427e-01
5.393193616612189656e-01 7.994616419919245986e-01 7.310132666794847411e-01 8.000384541434339969e-01 7.923476254566429455e-01 8.127283214766390929e-01 7.233224379926936898e-01 7.039030955585464655e-01 7.773505095174004786e-01 7.798500288406076120e-01 7.504326091136319654e-01 7.667756200730628802e-01 7.710055758507978751e-01 7.933089790424918686e-01 8.158046529513555134e-01 8.073447413958854124e-01 8.461834262641799720e-01 8.513747356277638900e-01 8.432993655066333138e-01 8.538742549509709123e-01 8.490674870217266301e-01
5.252835993078254218e-01 7.544702941741973090e-01 7.475485483560854183e-01 7.598538742549509895e-01 6.654489521245914307e-01 6.402614881753508902e-01 6.475677754278023057e-01 6.733320515285522445e-01 6.406460296096904150e-01 6.577581234378003794e-01 6.777542780234570019e-01 7.050567198615650399e-01 7.283214766391078454e-01 7.385118246491059191e-01 7.177465871947702469e-01 7.675447029417419298e-01 7.996539127090943611e-01 7.923476254566429455e-01 8.052297635070179149e-01 8.283022495673908470e-01 8.217650451836184811e-01
5.689290521053643745e-01 5.871947702364930244e-01 5.860411459334743389e-01 6.250721015189386609e-01 6.466064218419534937e-01 6.842914824072293678e-01 7.271678523360891599e-01 7.644683714670256203e-01 7.635070178811766972e-01 7.010190348009998074e-01 7.031340126898673049e-01 7.412036146894828148e-01 7.821572774466448719e-01 8.000384541434339969e-01 8.265718131128628743e-01 8.233032109209766913e-01 8.292636031532397700e-01 8.461834262641799720e-01 8.006152662949432841e-01 7.927321668909824703e-01 7.796577581234378496e-01
4.760622957123630261e-01 5.214381849644299516e-01 6.865987310132666277e-01 7.783118631032494017e-01 7.204383772351470316e-01 7.194770236492982196e-01 7.631224764468371724e-01 6.873678138819457883e-01 7.014035762353393322e-01 7.012113055181695698e-01 7.100557585079791956e-01 7.413958854066525772e-01 8.308017688905979803e-01 8.327244760622957154e-01 8.427225533551240266e-01 8.352239953855027377e-01 8.417611997692751036e-01 8.429148240722937890e-01 8.298404153047490572e-01 8.271486252643722725e-01 8.202268794462603818e-01
5.762353393578157901e-01 5.168236877523553208e-01 6.281484329936550814e-01 7.171697750432609597e-01 6.692943664679869009e-01 7.846567967698520052e-01 7.323591616996731890e-01 7.752355316285329812e-01 7.254374158815611873e-01 7.946548740626802054e-01 7.708133051336281127e-01 7.275523937704287958e-01 8.131128629109786177e-01 8.125360507594693305e-01 8.373389732743703462e-01 8.329167467794654778e-01 8.348394539511632129e-01 8.302249567390885820e-01 8.171505479715439613e-01 8.067679292443761252e-01 8.198423380119207460e-01
4.922130359546241229e-01 5.558546433378196427e-01 6.748702172659104548e-01 6.931359353970389936e-01 7.892712939819265250e-01 7.975389348202268636e-01 8.375312439915401086e-01 7.548548356085368338e-01 7.717746587194770358e-01 7.558161891943856459e-01 7.800422995577773744e-01 7.698519515477793007e-01 7.921553547394731831e-01 8.248413766583349016e-01 8.292636031532397700e-01 8.233032109209766913e-01 8.248413766583349016e-01 8.396462218804076061e-01 8.465679676985194968e-01 8.550278792539895978e-01 8.548356085368198354e-01
