5.675831570851759267e-01 5.541242068832916701e-01 5.606614112670640360e-01 5.639300134589502189e-01 5.789271293981926858e-01 6.366083445491251824e-01 6.350701788117669722e-01 7.563930013458950441e-01 7.640838300326859844e-01 6.371851567006344697e-01 6.406460296096904150e-01 5.920015381657373066e-01 5.943087867717746775e-01 5.975773889636608605e-01 5.920015381657373066e-01 8.273408959815420349e-01 5.158623341665063977e-01 5.347048644491444458e-01 8.177273601230532485e-01 5.608536819842337984e-01 5.510478754085752495e-01
4.437608152278407769e-01 7.039030955585464655e-01 6.737165929628917693e-01 6.671793885791194034e-01 6.887137089021342362e-01 6.767929244376081899e-01 6.721784272255335591e-01 5.454720246106518067e-01 6.975581618919438620e-01 6.883291674677946004e-01 7.885022111132474754e-01 7.244760622957123752e-01 7.025572005383580176e-01 6.516054604883676493e-01 7.348586810228802113e-01 7.863872332243799779e-01 6.266102672562968712e-01 6.619880792155354854e-01 6.231493943472409258e-01 6.904441453566622089e-01 6.948663718515669663e-01
4.451067102480292248e-01 6.744856758315708189e-01 5.227840799846182884e-01 5.358584887521630202e-01 6.752547587002499796e-01 6.975581618919438620e-01 6.362238031147856576e-01 6.404537588925206526e-01 6.152662949432801121e-01 5.993078254181888331e-01 5.527783118631032222e-01 5.939242453374351527e-01 5.223995385502787636e-01 5.223995385502787636e-01 6.492982118823302784e-01 6.246875600845991361e-01 6.246875600845991361e-01 6.221880407613920028e-01 6.279561622764853190e-01 5.696981349740434242e-01 5.454720246106518067e-01
5.462411074793308563e-01 6.383387810036531551e-01 6.379542395693136303e-01 5.756585272063065029e-01 6.062295712363007238e-01 6.029609690444145409e-01 6.031532397615843033e-01 6.052682176504518008e-01 6.041145933474332264e-01 6.175735435493174830e-01 6.218034993270524780e-01 6.410305710440299398e-01 6.410305710440299398e-01 6.419919246298788629e-01 6.752547587002499796e-01 6.787156316093059250e-01 7.006344933666602826e-01 6.971736204576043372e-01 6.794847144779849746e-01 6.879446260334550756e-01 6.887137089021342362e-01
6.037300519130935905e-01 6.008459911555470434e-01 6.041145933474332264e-01 6.027686983272447785e-01 6.202653335896942677e-01 6.933282061142087560e-01 6.948663718515669663e-01 6.694866371851566633e-01 6.710248029225148736e-01 6.844837531243991302e-01 6.750624879830802172e-01 6.840992116900596054e-01 5.923860796000769424e-01 6.902518746394924465e-01 6.637185156700634581e-01 6.698711786194962992e-01 6.869832724476062635e-01 6.858296481445875781e-01 6.900596039223226841e-01 6.844837531243991302e-01 6.937127475485483918e-01
3.858873293597385179e-01 5.977696596808306229e-01 6.006537204383772810e-01 5.058642568736780865e-01 5.345125937319745724e-01 5.254758700249951842e-01 5.277831186310324441e-01 5.037492789848105890e-01 4.220342241876562372e-01 4.614497212074600840e-01 4.927898481061334102e-01 5.520092289944241726e-01 5.739280907517785302e-01 5.566237262064988034e-01 5.400884445298981262e-01 6.612189963468563247e-01 6.541049798115746716e-01 6.073831955393194093e-01 6.327629302057297123e-01 6.446837146702557586e-01 6.546817919630840699e-01
5.587387040953663009e-01 6.021918861757353802e-01 6.414151124783695757e-01 5.781580465295135252e-01 5.796962122668717354e-01 6.310324937512017396e-01 6.141126706402615376e-01 5.960392232263026502e-01 5.952701403576234895e-01 6.423764660642183877e-01 6.212266871755431907e-01 5.800807537012112602e-01 6.321861180542203140e-01 6.741011343972312941e-01 6.700634493366660616e-01 6.869832724476062635e-01 6.867910017304365011e-01 7.060180734474139630e-01 7.100557585079791956e-01 7.065948855989232502e-01 8.286867910017304828e-01
6.350701788117669722e-01 6.048836762161122760e-01 5.639300134589502189e-01 5.623918477215920086e-01 5.939242453374351527e-01 5.381657373582003911e-01 5.416266102672563365e-01 6.296865987310132917e-01 6.531436262257258596e-01 6.889059796193039986e-01 6.762161122860987916e-01 6.804460680638338976e-01 6.719861565083637966e-01 6.714093443568543984e-01 6.717938857911940342e-01 6.673716592962891658e-01 6.696789079023264257e-01 6.108440684483753547e-01 6.260334551047875840e-01 6.104595270140357188e-01 6.650644106902519059e-01
5.512401461257450119e-01 5.629686598731012959e-01 6.410305710440299398e-01 6.833301288213805558e-01 6.840992116900596054e-01 7.189002114977889324e-01 6.589117477408190648e-01 7.048644491443952775e-01 6.892905210536435234e-01 6.467986925591232561e-01 7.775427802345702410e-01 6.427610074985580235e-01 6.596808306094982255e-01 6.591040184579888273e-01 6.318015766198807892e-01 6.800615266294943728e-01 6.687175543164776137e-01 6.316093059027110268e-01 6.000769082868678828e-01 5.914247260142280194e-01 8.006152662949432841e-01
5.943087867717746775e-01 5.923860796000769424e-01 5.502787925398961999e-01 5.520092289944241726e-01 6.910209575081714961e-01 6.823687752355316327e-01 6.506441069025187263e-01 6.865987310132666277e-01 6.383387810036531551e-01 5.993078254181888331e-01 5.985387425495096725e-01 6.039223226302634639e-01 5.864256873678138637e-01 6.435300903672370731e-01 6.679484714477984530e-01 7.508171505479714902e-01 8.484906748702172319e-01 6.858296481445875781e-01 8.379157854258796334e-01 7.006344933666602826e-01 7.050567198615650399e-01
5.612382234185733232e-01 5.516246875600846478e-01 6.173812728321476095e-01 6.335320130744087619e-01 6.229571236300711634e-01 6.056527590847914366e-01 6.587194770236493024e-01 5.964237646606421750e-01 6.250721015189386609e-01 5.825802730244183936e-01 5.902711017112093339e-01 6.310324937512017396e-01 6.314170351855412644e-01 5.539319361661219077e-01 6.114208805998846419e-01 6.025764276100750161e-01 6.368006152662949448e-01 6.689098250336473761e-01 6.631417035185541708e-01 6.006537204383772810e-01 6.571813112862910922e-01
4.854835608536819946e-01 4.872139973082099673e-01 5.560469140549894052e-01 6.075754662564891717e-01 6.683330128821380889e-01 6.844837531243991302e-01 6.817919630840223455e-01 6.425687367813881501e-01 6.485291290136512288e-01 6.489136704479907536e-01 6.485291290136512288e-01 6.121899634685636915e-01 6.169967313978080847e-01 6.337242837915785243e-01 6.483368582964814664e-01 6.654489521245914307e-01 7.481253605075947055e-01 6.942895597000576791e-01 6.817919630840223455e-01 6.558354162661026443e-01 6.608344549125167999e-01
3.935781580465295137e-01 3.943472409152086189e-01 4.906748702172659127e-01 5.066333397423572471e-01 5.050951740049990368e-01 5.783503172466832876e-01 6.150740242261103496e-01 6.502595654681792015e-01 6.177658142664872454e-01 5.570082676408383282e-01 5.839261680446068414e-01 7.723514708709863230e-01 5.808498365698904209e-01 6.131513170544126146e-01 6.177658142664872454e-01 6.642953278215727453e-01 6.591040184579888273e-01 6.935204768313786294e-01 7.189002114977889324e-01 7.248606037300519001e-01 7.262064987502403479e-01
5.208613728129205533e-01 5.206691020957507909e-01 5.185541242068832934e-01 4.735627763891559483e-01 4.172274562584118440e-01 5.110555662372621155e-01 4.353009036723706759e-01 5.433570467217843092e-01 5.702749471255528224e-01 6.204576043068640301e-01 6.331474716400692371e-01 6.373774274178042321e-01 6.194962507210152181e-01 6.729475100942126087e-01 6.898673332051528106e-01 6.716016150740242718e-01 6.942895597000576791e-01 6.823687752355316327e-01 7.037108248413767031e-01 7.073639684676024109e-01 6.873678138819457883e-01
4.226110363391655245e-01 5.074024226110362967e-01 5.081715054797154574e-01 5.200922899442415037e-01 4.249182849452028399e-01 5.372043837723514681e-01 5.208613728129205533e-01 5.783503172466832876e-01 6.273793501249759208e-01 6.677562007306286906e-01 6.814074216496827097e-01 6.487213997308209912e-01 6.354547202461064970e-01 6.537204383772351468e-01 6.508363776196884887e-01 6.421841953470486253e-01 6.439146318015765980e-01 6.431455489328975483e-01 6.623726206498750102e-01 6.725629686598730839e-01 6.675639300134589282e-01
6.016150740242260930e-01 6.366083445491251824e-01 6.362238031147856576e-01 6.048836762161122760e-01 6.064218419534704863e-01 6.012305325898865682e-01 6.662180349932704804e-01 6.594885598923283521e-01 6.527590847913862238e-01 6.489136704479907536e-01 6.362238031147856576e-01 6.314170351855412644e-01 6.052682176504518008e-01 6.221880407613920028e-01 6.404537588925206526e-01 6.248798308017688985e-01 6.819842338011921079e-01 6.579503941549702528e-01 6.929436646798692312e-01 6.994808690636415971e-01 7.588925206691020664e-01
5.260526821765044714e-01 5.718131128629110327e-01 5.806575658527206585e-01 5.662372620649874788e-01 5.798884829840414978e-01 5.216304556815997140e-01 4.566429532782157463e-01 5.743126321861180550e-01 5.547010190348009573e-01 5.583541626610267761e-01 6.612189963468563247e-01 6.162276485291290351e-01 6.116131513170544043e-01 6.002691790040376452e-01 6.148817535089405872e-01 6.100749855796961940e-01 6.052682176504518008e-01 8.092674485675831475e-01 6.594885598923283521e-01 6.744856758315708189e-01 6.783310901749664001e-01
5.523937704287636974e-01 5.585464333781965385e-01 5.195154777927322165e-01 5.168236877523553208e-01 5.750817150547971046e-01 5.881561238223418364e-01 5.885406652566813612e-01 5.214381849644299516e-01 5.312439915400883894e-01 5.302826379542395774e-01 5.731590078830993695e-01 5.654681791963084292e-01 5.737358200346087678e-01 6.685252835993078513e-01 6.025764276100750161e-01 5.985387425495096725e-01 5.960392232263026502e-01 6.071909248221495359e-01 5.481638146510287024e-01 5.443184003076331212e-01 6.296865987310132917e-01
3.928090751778504086e-01 3.924245337435108838e-01 4.981734281868871461e-01 5.812343780042299457e-01 5.835416266102672056e-01 5.787348586810229234e-01 5.881561238223418364e-01 5.973851182464910980e-01 6.417996539127091005e-01 6.094981734281869068e-01 6.512209190540281245e-01 5.808498365698904209e-01 5.668140742164968771e-01 5.860411459334743389e-01 6.658334935589309556e-01 6.865987310132666277e-01 6.746779465487405814e-01 6.716016150740242718e-01 7.023649298211882552e-01 7.208229186694866675e-01 7.017881176696788570e-01
4.387617765814266213e-01 4.410690251874639367e-01 5.554701019034801179e-01 5.523937704287636974e-01 6.273793501249759208e-01 6.166121899634685599e-01 6.131513170544126146e-01 6.469909632762930185e-01 6.362238031147856576e-01 6.479523168621419416e-01 6.573735820034608546e-01 6.912132282253412585e-01 6.910209575081714961e-01 6.752547587002499796e-01 6.777542780234570019e-01 6.521822726398769365e-01 6.212266871755431907e-01 6.087290905595077461e-01 6.104595270140357188e-01 6.454527975389348082e-01 6.123822341857335649e-01
5.654681791963084292e-01 5.535473947317823828e-01 6.383387810036531551e-01 5.681599692366852139e-01 6.383387810036531551e-01 6.127667756200730897e-01 6.594885598923283521e-01 6.417996539127091005e-01 6.327629302057297123e-01 6.319938473370505516e-01 6.208421457412036659e-01 6.252643722361084233e-01 6.027686983272447785e-01 6.031532397615843033e-01 7.921553547394731831e-01 6.458373389732743330e-01 6.521822726398769365e-01 6.350701788117669722e-01 5.912324552970582570e-01 7.719669294366467982e-01 6.102672562968659564e-01
