4.306864064602961006e-01 5.533551240146126204e-01 6.081522784079984589e-01 6.685252835993078513e-01 7.258219573159008231e-01 6.923668525283599440e-01 6.671793885791194034e-01 7.240915208613728504e-01 7.810036531436261864e-01 7.744664487598538205e-01 7.969621226687175763e-01 7.881176696789079505e-01 8.148432993655065903e-01 8.306094981734282179e-01 8.513747356277638900e-01 8.477215920015381823e-01 8.565660449913478081e-01 8.706018073447413519e-01 8.675254758700250424e-01 8.871370890213420290e-01 8.759853874254951434e-01
4.599115554701019293e-01 5.443184003076331212e-01 6.250721015189386609e-01 6.169967313978080847e-01 6.243030186502596113e-01 6.316093059027110268e-01 6.360315323976158952e-01 7.194770236492982196e-01 7.802345702749471368e-01 8.367621611228609479e-01 8.479138627187079447e-01 8.927129398192654719e-01 8.773312824456834802e-01 8.725245145164391980e-01 8.521438184964429396e-01 8.736781388194577724e-01 8.686791001730436168e-01 8.681022880215343296e-01 8.798308017688906135e-01 8.811766967890790614e-01 8.719477023649297998e-01
4.541434339550086685e-01 5.837338973274370790e-01 7.123630071140165665e-01 6.452605268217650458e-01 7.167852336089213239e-01 7.413958854066525772e-01 7.660065372043837195e-01 7.390886368006153173e-01 8.008075370121130465e-01 8.042684099211689919e-01 8.059988463756969646e-01 8.034993270524899422e-01 8.477215920015381823e-01 8.446452605268217617e-01 8.490674870217266301e-01 8.690636416073831416e-01 8.757931167083252699e-01 8.675254758700250424e-01 8.684868294558738544e-01 8.679100173043645672e-01 8.731013266679484852e-01
4.875985387425494921e-01 5.904633724283792073e-01 5.621995770044222462e-01 6.804460680638338976e-01 6.285329744279946063e-01 6.712170736396846360e-01 6.254566429532781857e-01 6.519900019227071741e-01 6.746779465487405814e-01 7.319746202653335532e-01 7.758123437800422684e-01 7.613920399923091997e-01 7.635070178811766972e-01 7.742741780426840581e-01 7.798500288406076120e-01 7.923476254566429455e-01 8.529129013651221003e-01 8.759853874254951434e-01 9.023264756777542583e-01 8.657950394154970697e-01 8.748317631224764579e-01
6.300711401653528165e-01 5.464333781965006187e-01 8.200346087290905084e-01 7.221688136896751153e-01 8.017688905979619696e-01 7.679292443760815656e-01 7.135166314170351409e-01 6.810228802153431849e-01 6.812151509325129473e-01 7.348586810228802113e-01 7.663910786387233554e-01 7.883099403960777130e-01 8.121515093251298056e-01 7.788886752547586889e-01 8.108056143049413578e-01 8.181119015573927733e-01 8.246491059411651392e-01 8.381080561430493958e-01 8.615650836377619637e-01 8.573351278600269687e-01 8.413766583349355788e-01
4.427994616419919094e-01 5.945010574889444399e-01 5.623918477215920086e-01 7.381272832147663943e-01 7.973466641030571012e-01 7.446644875985387602e-01 7.596616035377812270e-01 7.906171890021149729e-01 7.410113439723130524e-01 7.663910786387233554e-01 7.410113439723130524e-01 7.588925206691020664e-01 7.613920399923091997e-01 7.752355316285329812e-01 7.938857911940011558e-01 8.056143049413574397e-01 8.200346087290905084e-01 8.565660449913478081e-01 8.548356085368198354e-01 8.575273985771967311e-01 8.471447798500288950e-01
4.883676216112285973e-01 6.642953278215727453e-01 7.971543933858873388e-01 6.914054989425110209e-01 7.437031340126898371e-01 7.829263603153239215e-01 8.581042107287060183e-01 8.175350894058834861e-01 8.436839069409728387e-01 8.340703710824841632e-01 8.186887137089021715e-01 8.436839069409728387e-01 8.448375312439915241e-01 8.711786194962507501e-01 8.854066525668140564e-01 8.736781388194577724e-01 8.506056527590848404e-01 8.504133820419149670e-01 8.000384541434339969e-01 8.048452220726782791e-01 8.092674485675831475e-01
6.183426264179965326e-01 7.237069794270332146e-01 7.458181119015574456e-01 7.883099403960777130e-01 8.038838684868294671e-01 7.815804652951355846e-01 7.362045760430686592e-01 7.725437415881560854e-01 7.763891559315516666e-01 7.621611228609882494e-01 7.846567967698520052e-01 7.613920399923091997e-01 7.806191117092866616e-01 7.838877139011728445e-01 8.050374927898481525e-01 8.259950009613535871e-01 8.450298019611612865e-01 8.581042107287060183e-01 8.790617189002114529e-01 8.761776581426649058e-01 8.832916746779465589e-01
5.202845606614112661e-01 5.831570851759276808e-01 5.506633339742357247e-01 5.887329359738512347e-01 5.614304941357430856e-01 6.373774274178042321e-01 6.416073831955393381e-01 7.290905595077870061e-01 7.581234378004230168e-01 7.244760622957123752e-01 7.525475870024995739e-01 7.144779850028840640e-01 7.215920015381657171e-01 7.533166698711786236e-01 7.863872332243799779e-01 8.067679292443761252e-01 8.190732551432416964e-01 8.465679676985194968e-01 8.334935589309747650e-01 8.577196692943664935e-01 8.838684868294558461e-01
5.795039415497019730e-01 7.390886368006153173e-01 7.388963660834454439e-01 8.008075370121130465e-01 8.256104595270140623e-01 7.388963660834454439e-01 7.879253989617380771e-01 7.825418188809843967e-01 7.904249182849452104e-01 7.881176696789079505e-01 8.283022495673908470e-01 8.517592770621034148e-01 8.461834262641799720e-01 8.859834647183234546e-01 8.669486637185156441e-01 8.752163045568159827e-01 8.756008459911555075e-01 8.763699288598346682e-01 8.865602768698327418e-01 9.090559507786963866e-01 9.069409728898288892e-01
4.989425110555662513e-01 6.243030186502596113e-01 6.873678138819457883e-01 7.121707363968468041e-01 7.452412997500480474e-01 7.765814266487214290e-01 8.008075370121130465e-01 7.588925206691020664e-01 7.623533935781580118e-01 7.090944049221303835e-01 7.673524322245721674e-01 7.613920399923091997e-01 7.760046144972120308e-01 8.234954816381465648e-01 8.329167467794654778e-01 8.469525091328590216e-01 8.582964814458757807e-01 8.606037300519130406e-01 8.375312439915401086e-01 8.500288406075754422e-01 8.283022495673908470e-01
5.618150355700827214e-01 6.056527590847914366e-01 6.773697365891174771e-01 7.114016535281676434e-01 8.319553931936166657e-01 8.113824264564506450e-01 7.811959238607959488e-01 7.706210344164583503e-01 7.065948855989232502e-01 7.750432609113632187e-01 8.194577965775812212e-01 8.259950009613535871e-01 8.071524706787156500e-01 7.983080176889060242e-01 7.913862718707941335e-01 8.340703710824841632e-01 8.400307633147471309e-01 8.717554316477600374e-01 8.532974427994616251e-01 8.546433378196500730e-01 8.642568736781388594e-01
5.739280907517785302e-01 5.047106325706595120e-01 6.310324937512017396e-01 6.919823110940204192e-01 6.529513555085560972e-01 6.419919246298788629e-01 7.067871563160930126e-01 6.856373774274178157e-01 6.885214381849644738e-01 7.152470678715631136e-01 7.083253220534512229e-01 7.742741780426840581e-01 8.504133820419149670e-01 8.467602384156892592e-01 8.300326860219188196e-01 8.311863103249375051e-01 8.531051720822918627e-01 8.759853874254951434e-01 8.575273985771967311e-01 8.531051720822918627e-01 8.706018073447413519e-01
5.752739857719669780e-01 5.039415497019803514e-01 5.966160353778119374e-01 5.939242453374351527e-01 6.204576043068640301e-01 6.354547202461064970e-01 6.558354162661026443e-01 7.783118631032494017e-01 8.371467025572005838e-01 8.258027302441838247e-01 8.179196308402230109e-01 8.056143049413574397e-01 8.265718131128628743e-01 8.323399346279561906e-01 8.363776196885214231e-01 8.457988848298404472e-01 8.534897135166313875e-01 8.888675254758700017e-01 8.656027686983271963e-01 8.767544702941741930e-01 8.723322437992693246e-01
5.212459142472601892e-01 6.143049413574313000e-01 6.210344164583734283e-01 6.227648529129014010e-01 6.758315708517592668e-01 6.865987310132666277e-01 7.419726975581618644e-01 7.106325706594885938e-01 7.448567583157085226e-01 7.819650067294751095e-01 7.975389348202268636e-01 8.792539896173813263e-01 8.398384925975773685e-01 8.300326860219188196e-01 8.286867910017304828e-01 8.409921169005960540e-01 8.121515093251298056e-01 8.398384925975773685e-01 8.544510671024803106e-01 8.563737742741780457e-01 8.517592770621034148e-01
6.452605268217650458e-01 7.039030955585464655e-01 7.346664103057104489e-01 6.683330128821380889e-01 7.008267640838300450e-01 7.654297250528744323e-01 7.956162276485291285e-01 7.606229571236300391e-01 8.054220342241876773e-01 7.658142664872139571e-01 7.825418188809843967e-01 8.009998077292828089e-01 8.411843876177658164e-01 8.498365698904056798e-01 8.350317246683329753e-01 8.311863103249375051e-01 8.632955200922899364e-01 8.452220726783310489e-01 8.494520284560661549e-01 8.704095366275715895e-01 8.817535089405883486e-01
5.214381849644299516e-01 5.024033839646221411e-01 4.645260526821765046e-01 4.729859642376466056e-01 4.866371851567006246e-01 5.472024610651797794e-01 5.266294943280138696e-01 5.366275716208421809e-01 6.954431840030763645e-01 7.708133051336281127e-01 7.267833109017496351e-01 7.683137858104210904e-01 7.746587194770236939e-01 7.817727360123053471e-01 8.094597192847529099e-01 7.942703326283406806e-01 8.323399346279561906e-01 8.317631224764467923e-01 8.488752163045568677e-01 8.465679676985194968e-01 8.502211113247452046e-01
5.052874447221687992e-01 5.870024995193232620e-01 5.927706210344164672e-01 6.000769082868678828e-01 7.415881561238223396e-01 7.427417804268410251e-01 7.179388579119400093e-01 7.202461065179772692e-01 7.119784656796769307e-01 7.792732166890982137e-01 7.919630840223034207e-01 7.904249182849452104e-01 7.510094212651413637e-01 8.094597192847529099e-01 8.202268794462603818e-01 8.436839069409728387e-01 8.292636031532397700e-01 8.663718515670063569e-01 8.602191886175735158e-01 8.559892328398385208e-01 8.707940780619112253e-01
4.981734281868871461e-01 5.235531628532974491e-01 7.356277638915592609e-01 6.448759853874255210e-01 6.056527590847914366e-01 6.842914824072293678e-01 7.344741395885406865e-01 7.156316093059027494e-01 7.156316093059027494e-01 7.640838300326859844e-01 7.873485868102287899e-01 7.717746587194770358e-01 7.892712939819265250e-01 8.231109402038069289e-01 8.254181888098442998e-01 8.248413766583349016e-01 8.696404537588925399e-01 8.615650836377619637e-01 8.619496250721014885e-01 8.732935973851182476e-01 8.823303210920976358e-01
5.979619303980003853e-01 5.375889252066909929e-01 7.114016535281676434e-01 6.854451067102480533e-01 6.977504326091136244e-01 7.537012113055181484e-01 7.915785425879638959e-01 7.996539127090943611e-01 8.208036915977696690e-01 8.000384541434339969e-01 7.713901172851375110e-01 7.696596808306095383e-01 8.081138242645644620e-01 8.302249567390885820e-01 8.388771390117285565e-01 8.425302826379542642e-01 8.506056527590848404e-01 8.546433378196500730e-01 8.636800615266294612e-01 8.623341665064411243e-01 8.696404537588925399e-01
4.985579696212266709e-01 5.814266487213997081e-01 7.767736973658911914e-01 6.812151509325129473e-01 6.896750624879830482e-01 7.979234762545663884e-01 7.713901172851375110e-01 7.748509901941934563e-01 8.229186694866371665e-01 8.432993655066333138e-01 8.817535089405883486e-01 9.013651220919054463e-01 8.767544702941741930e-01 8.767544702941741930e-01 8.692559123245530150e-01 8.823303210920976358e-01 8.992501442030378378e-01 8.902134204960584496e-01 8.984810613343587882e-01 9.073255143241684140e-01 9.125168236877523320e-01
