5.654681791963084292e-01 5.608536819842337984e-01 5.558546433378196427e-01 4.770236492982118937e-01 4.218419534704864193e-01 4.170351855412420816e-01 5.320130744087675501e-01 5.029801961161315393e-01 5.358584887521630202e-01 5.389348202268794408e-01 5.683522399538549763e-01 6.243030186502596113e-01 6.048836762161122760e-01 5.898865602768698091e-01 6.056527590847914366e-01 5.862334166506441013e-01 6.233416650644106882e-01 6.152662949432801121e-01 6.400692174581811278e-01 6.319938473370505516e-01 6.260334551047875840e-01
4.445298980965198821e-01 6.771774658719477147e-01 6.187271678523360574e-01 6.965968083060949390e-01 7.060180734474139630e-01 6.990963276293020723e-01 6.954431840030763645e-01 7.033262834070370673e-01 7.008267640838300450e-01 6.591040184579888273e-01 6.529513555085560972e-01 6.291097865795038935e-01 6.539127090944049092e-01 6.494904825995000408e-01 5.512401461257450119e-01 5.812343780042299457e-01 5.912324552970582570e-01 5.710440299942318720e-01 6.783310901749664001e-01 6.093059027110171444e-01 6.002691790040376452e-01
4.456835223995385675e-01 6.965968083060949390e-01 5.889252066910209971e-01 5.779657758123437628e-01 6.444914439530859962e-01 6.139203999230916642e-01 5.687367813881946121e-01 5.056719861565083241e-01 6.304556815996923413e-01 6.408383003268601774e-01 6.168044606806383223e-01 6.502595654681792015e-01 6.466064218419534937e-01 6.502595654681792015e-01 6.510286483368582511e-01 6.358392616804460218e-01 6.185348971351662950e-01 7.042876369928859903e-01 7.150547971543933512e-01 6.262257258219573464e-01 6.216112286098827155e-01
5.462411074793308563e-01 5.925783503172467048e-01 6.952509132859066021e-01 6.600653720438377503e-01 6.592962891751585897e-01 6.562199577004421691e-01 6.644875985387425077e-01 6.516054604883676493e-01 6.435300903672370731e-01 6.462218804076139689e-01 6.525668140742164613e-01 6.466064218419534937e-01 6.496827533166699142e-01 6.466064218419534937e-01 6.341088252259180491e-01 5.662372620649874788e-01 5.614304941357430856e-01 5.652759084791386668e-01 5.425879638531051485e-01 5.648913670447990309e-01 5.502787925398961999e-01
6.075754662564891717e-01 5.998846375696981204e-01 6.029609690444145409e-01 5.989232839838493083e-01 6.150740242261103496e-01 5.935397039030955169e-01 6.235339357815804506e-01 6.804460680638338976e-01 6.812151509325129473e-01 6.587194770236493024e-01 6.812151509325129473e-01 6.773697365891174771e-01 6.696789079023264257e-01 6.748702172659104548e-01 6.556431455489328819e-01 6.442991732359161228e-01 6.696789079023264257e-01 6.775620073062872395e-01 6.883291674677946004e-01 6.852528359930782909e-01 6.596808306094982255e-01
3.856950586425687555e-01 6.004614497212074076e-01 5.504710632570659623e-01 4.162661026725629765e-01 5.210536435300903157e-01 4.868294558738703870e-01 5.898865602768698091e-01 5.733512786002691319e-01 5.864256873678138637e-01 5.868102288021533885e-01 5.912324552970582570e-01 5.879638531051720740e-01 6.104595270140357188e-01 6.533358969428956220e-01 6.544895212459141964e-01 6.569890405691213298e-01 6.541049798115746716e-01 6.246875600845991361e-01 6.358392616804460218e-01 6.675639300134589282e-01 6.623726206498750102e-01
5.602768698327245112e-01 6.664103057104403538e-01 6.996731397808113595e-01 6.498750240338396766e-01 6.556431455489328819e-01 6.802537973466641352e-01 6.910209575081714961e-01 6.416073831955393381e-01 6.154585656604498745e-01 6.510286483368582511e-01 7.117861949625071682e-01 6.221880407613920028e-01 6.169967313978080847e-01 6.914054989425110209e-01 6.421841953470486253e-01 6.152662949432801121e-01 6.121899634685636915e-01 6.014228033070563306e-01 6.119976927513939291e-01 5.804652951355508961e-01 8.117669678907902808e-01
6.350701788117669722e-01 6.191117092866756932e-01 6.050759469332820384e-01 6.273793501249759208e-01 6.427610074985580235e-01 6.241107479330897378e-01 6.016150740242260930e-01 6.350701788117669722e-01 6.521822726398769365e-01 6.446837146702557586e-01 6.785233608921361625e-01 6.694866371851566633e-01 6.798692559123244994e-01 6.404537588925206526e-01 6.514131897711978869e-01 5.285522014997116047e-01 5.987310132666794349e-01 6.094981734281869068e-01 6.085368198423379837e-01 6.158431070947895103e-01 6.479523168621419416e-01
5.514324168429147743e-01 4.758700249951932082e-01 4.829840415304749168e-01 5.808498365698904209e-01 6.210344164583734283e-01 6.239184772159199754e-01 6.235339357815804506e-01 6.592962891751585897e-01 6.560276869832724067e-01 6.969813497404345748e-01 6.639107863872332205e-01 6.583349355893097776e-01 6.550663333974235947e-01 6.742934051144010565e-01 6.606421841953470375e-01 7.021726591040184928e-01 7.023649298211882552e-01 7.046721784272255151e-01 6.717938857911940342e-01 6.664103057104403538e-01 6.514131897711978869e-01
5.943087867717746775e-01 6.139203999230916642e-01 6.133435877715823770e-01 5.875793116708325492e-01 5.864256873678138637e-01 5.866179580849836261e-01 5.808498365698904209e-01 5.639300134589502189e-01 5.750817150547971046e-01 6.087290905595077461e-01 6.089213612766775086e-01 6.366083445491251824e-01 6.381465102864833927e-01 6.279561622764853190e-01 6.383387810036531551e-01 6.356469909632762594e-01 5.796962122668717354e-01 6.910209575081714961e-01 6.498750240338396766e-01 6.650644106902519059e-01 6.685252835993078513e-01
5.616227648529128480e-01 5.158623341665063977e-01 5.491251682368775144e-01 5.497019803883868017e-01 5.550855604691405931e-01 5.783503172466832876e-01 5.837338973274370790e-01 6.427610074985580235e-01 6.525668140742164613e-01 6.569890405691213298e-01 6.514131897711978869e-01 6.498750240338396766e-01 6.512209190540281245e-01 6.516054604883676493e-01 6.525668140742164613e-01 6.464141511247837313e-01 6.150740242261103496e-01 6.273793501249759208e-01 6.239184772159199754e-01 6.146894827917708248e-01 6.506441069025187263e-01
4.862526437223610998e-01 5.402807152470678886e-01 5.445106710248028836e-01 5.581618919438569026e-01 5.610459527014035608e-01 5.668140742164968771e-01 5.577773505095173778e-01 5.777735050951740003e-01 5.910401845798884946e-01 6.250721015189386609e-01 6.458373389732743330e-01 6.208421457412036659e-01 6.243030186502596113e-01 6.481445875793117040e-01 6.627571620842145350e-01 6.604499134781772751e-01 6.629494328013842974e-01 6.619880792155354854e-01 6.483368582964814664e-01 6.410305710440299398e-01 6.481445875793117040e-01
3.899250144203038060e-01 3.699288598346471835e-01 3.941549701980388565e-01 5.585464333781965385e-01 6.071909248221495359e-01 5.893097481253605219e-01 5.839261680446068414e-01 6.379542395693136303e-01 6.383387810036531551e-01 6.019996154585656178e-01 6.281484329936550814e-01 6.185348971351662950e-01 6.760238415689290292e-01 6.956354547202461269e-01 6.798692559123244994e-01 5.545087483176311949e-01 5.606614112670640360e-01 5.650836377619689044e-01 5.633532013074409317e-01 5.445106710248028836e-01 7.162084214574120367e-01
5.229763507017881619e-01 5.222072678331090012e-01 5.831570851759276808e-01 6.246875600845991361e-01 6.131513170544126146e-01 6.371851567006344697e-01 6.483368582964814664e-01 6.256489136704479481e-01 6.723706979427033215e-01 8.161891943856950382e-01 6.664103057104403538e-01 6.502595654681792015e-01 6.300711401653528165e-01 6.444914439530859962e-01 6.469909632762930185e-01 6.414151124783695757e-01 6.412228417611998132e-01 6.358392616804460218e-01 6.062295712363007238e-01 6.206498750240337925e-01 6.002691790040376452e-01
4.224187656219957621e-01 5.893097481253605219e-01 4.116516054604883457e-01 5.681599692366852139e-01 5.810421072870601833e-01 5.666218034993270036e-01 4.633724283791578746e-01 5.335512401461257603e-01 5.231686214189579243e-01 5.668140742164968771e-01 5.162468756008460335e-01 5.616227648529128480e-01 5.429725052874446733e-01 5.420111517015958613e-01 5.754662564891367404e-01 6.035377811959238281e-01 5.823880023072486312e-01 5.937319746202652793e-01 5.823880023072486312e-01 5.875793116708325492e-01 5.739280907517785302e-01
6.414151124783695757e-01 6.446837146702557586e-01 6.439146318015765980e-01 6.098827148625264316e-01 6.064218419534704863e-01 6.098827148625264316e-01 6.058450298019611990e-01 6.106517977312055923e-01 5.864256873678138637e-01 5.754662564891367404e-01 6.556431455489328819e-01 6.667948471447798786e-01 6.612189963468563247e-01 6.939050182657181542e-01 6.910209575081714961e-01 6.839069409728898430e-01 6.664103057104403538e-01 6.814074216496827097e-01 6.879446260334550756e-01 6.844837531243991302e-01 6.892905210536435234e-01
5.008652182272640419e-01 4.987502403383964888e-01 4.979811574697173837e-01 5.731590078830993695e-01 5.395116323783887280e-01 5.483560853681984648e-01 6.375696981349739945e-01 6.827533166698711575e-01 7.102480292251489580e-01 7.042876369928859903e-01 6.506441069025187263e-01 6.939050182657181542e-01 6.831378581042106823e-01 6.316093059027110268e-01 6.862141895789271029e-01 6.600653720438377503e-01 6.935204768313786294e-01 7.017881176696788570e-01 6.958277254374158893e-01 6.823687752355316327e-01 6.691020957508171385e-01
5.468179196308402545e-01 5.796962122668717354e-01 5.812343780042299457e-01 5.812343780042299457e-01 5.812343780042299457e-01 5.812343780042299457e-01 5.846952509132858911e-01 5.452797538934820443e-01 5.666218034993270036e-01 5.408575273985771759e-01 5.575850797923476154e-01 5.539319361661219077e-01 5.452797538934820443e-01 5.687367813881946121e-01 5.598923283983848753e-01 5.604691405498942736e-01 5.731590078830993695e-01 5.472024610651797794e-01 5.660449913478177164e-01 5.748894443376273422e-01 5.608536819842337984e-01
3.931936166121899889e-01 6.106517977312055923e-01 6.198807921553547429e-01 6.087290905595077461e-01 6.546817919630840699e-01 4.385695058642568589e-01 4.868294558738703870e-01 4.310709478946356255e-01 4.422226494904826222e-01 4.364545279753893614e-01 4.229955777735051048e-01 4.374158815612382289e-01 4.897135166314170451e-01 5.216304556815997140e-01 5.143241684291481874e-01 5.514324168429147743e-01 5.666218034993270036e-01 5.733512786002691319e-01 5.804652951355508961e-01 5.731590078830993695e-01 6.139203999230916642e-01
4.404922130359546495e-01 4.843299365506633092e-01 5.779657758123437628e-01 5.771966929436647131e-01 5.829648144587579184e-01 6.137281292059219018e-01 5.737358200346087678e-01 5.771966929436647131e-01 5.793116708325322106e-01 5.771966929436647131e-01 6.262257258219573464e-01 6.427610074985580235e-01 6.712170736396846360e-01 6.727552393770428463e-01 6.848682945587386550e-01 6.844837531243991302e-01 6.769851951547779523e-01 6.915977696596807833e-01 6.596808306094982255e-01 6.791001730436454498e-01 6.887137089021342362e-01
5.654681791963084292e-01 5.241299750048067363e-01 4.945202845606614384e-01 5.437415881561238340e-01 5.510478754085752495e-01 5.452797538934820443e-01 5.970005768121514622e-01 6.025764276100750161e-01 6.194962507210152181e-01 6.254566429532781857e-01 6.352624495289367346e-01 6.262257258219573464e-01 6.815996923668525831e-01 6.881368967506248380e-01 6.054604883676215632e-01 6.396846760238416030e-01 6.279561622764853190e-01 6.119976927513939291e-01 6.352624495289367346e-01 6.004614497212074076e-01 6.168044606806383223e-01
