5.779657758123437628e-01 3.849259757738896504e-01 8.065756585272062518e-01 7.340895981542011617e-01 5.804652951355508961e-01 6.193039800038454556e-01 8.175350894058834861e-01 7.763891559315516666e-01 7.288982887906172436e-01 7.988848298404153114e-01 7.669678907902326426e-01 8.167660065372044365e-01 7.723514708709863230e-01 7.537012113055181484e-01 7.415881561238223396e-01 6.904441453566622089e-01 7.458181119015574456e-01 7.087098634877908587e-01 7.752355316285329812e-01 7.487021726591039927e-01 7.692751393962699025e-01
5.050951740049990368e-01 3.849259757738896504e-01 6.783310901749664001e-01 7.302441838108055805e-01 7.215920015381657171e-01 6.731397808113823711e-01 8.283022495673908470e-01 8.338781003653144008e-01 8.546433378196500730e-01 8.227263987694674041e-01 7.958084983656988909e-01 7.338973274370312883e-01 8.302249567390885820e-01 7.881176696789079505e-01 7.131320899826956161e-01 6.962122668717554141e-01 7.362045760430686592e-01 8.275331666987117973e-01 7.621611228609882494e-01 7.187079407806190590e-01 8.029225149009805440e-01
4.443376273793501197e-01 3.849259757738896504e-01 6.879446260334550756e-01 7.206306479523169051e-01 7.148625264372235888e-01 6.915977696596807833e-01 6.629494328013842974e-01 6.150740242261103496e-01 7.631224764468371724e-01 7.487021726591039927e-01 8.079215535473946996e-01 7.996539127090943611e-01 8.934820226879446325e-01 8.688713708902133792e-01 8.750240338396462203e-01 8.523360892136128131e-01 8.204191501634301442e-01 8.042684099211689919e-01 8.413766583349355788e-01 7.973466641030571012e-01 8.467602384156892592e-01
5.462411074793308563e-01 6.558354162661026443e-01 6.652566814074216683e-01 6.506441069025187263e-01 7.285137473562776078e-01 7.477408190732551807e-01 7.833109017496635573e-01 7.658142664872139571e-01 7.819650067294751095e-01 7.719669294366467982e-01 7.865795039415497403e-01 8.123437800422995680e-01 7.960007690828686533e-01 7.002499519323207577e-01 7.067871563160930126e-01 7.792732166890982137e-01 7.596616035377812270e-01 6.975581618919438620e-01 7.940780619111709182e-01 7.802345702749471368e-01 6.608344549125167999e-01
6.198807921553547429e-01 7.365891174774081840e-01 6.606421841953470375e-01 6.150740242261103496e-01 7.546625648913670714e-01 8.015766198807922072e-01 7.961930398000384157e-01 7.487021726591039927e-01 8.317631224764467923e-01 8.117669678907902808e-01 8.381080561430493958e-01 8.461834262641799720e-01 8.333012882138050026e-01 8.346471832339934505e-01 8.315708517592770299e-01 8.340703710824841632e-01 8.600269179004037534e-01 8.507979234762546028e-01 8.336858296481446384e-01 8.263795423956931119e-01 8.342626417996539256e-01
4.062680253797346652e-01 7.108248413766583562e-01 4.158815612382233962e-01 4.391463180157662016e-01 4.435685445106710145e-01 4.485675831570851702e-01 4.420303787733128043e-01 4.656796769851951345e-01 4.579888482984041387e-01 4.197269755816189218e-01 4.383772351470870965e-01 4.279946164199192604e-01 4.570274947125552711e-01 4.329936550663334160e-01 4.627956162276485319e-01 4.587579311670832438e-01 4.533743510863295634e-01 4.635646990963276370e-01 4.491443953085945129e-01 4.701019034801000029e-01 4.562584118438761660e-01
5.696981349740434242e-01 7.210151893866564299e-01 4.962507210151894110e-01 4.962507210151894110e-01 6.940972889828879167e-01 7.750432609113632187e-01 6.819842338011921079e-01 7.681215150932513280e-01 8.025379734666410192e-01 8.109978850221111202e-01 7.685060565275908528e-01 7.083253220534512229e-01 7.783118631032494017e-01 7.971543933858873388e-01 8.094597192847529099e-01 7.808113824264564240e-01 7.894635646990962874e-01 7.635070178811766972e-01 7.154393385887329870e-01 7.808113824264564240e-01 7.988848298404153114e-01
6.350701788117669722e-01 7.571620842145740937e-01 7.263987694674101103e-01 7.027494712555277800e-01 6.637185156700634581e-01 6.154585656604498745e-01 7.165929628917515615e-01 8.213805037492789562e-01 8.063833878100364894e-01 8.492597577388963925e-01 8.425302826379542642e-01 8.646414151124783842e-01 8.805998846375696631e-01 8.923283983849259471e-01 8.713708902134205125e-01 8.457988848298404472e-01 8.406075754662565291e-01 8.542587963853105482e-01 8.584887521630455431e-01 8.869448183041722666e-01 8.838684868294558461e-01
5.514324168429147743e-01 7.067871563160930126e-01 6.627571620842145350e-01 4.631801576619880567e-01 5.354739473178234954e-01 5.314362622572582628e-01 4.858681022880215195e-01 6.233416650644106882e-01 5.074024226110362967e-01 5.045183618534897496e-01 5.306671793885791022e-01 5.458565660449913315e-01 5.448952124591425195e-01 5.460488367621610939e-01 5.248990578734858969e-01 5.550855604691405931e-01 5.477792732166890666e-01 5.473947317823495418e-01 5.966160353778119374e-01 5.377811959238607553e-01 5.483560853681984648e-01
5.945010574889444399e-01 7.142857142857143016e-01 6.725629686598730839e-01 6.589117477408190648e-01 6.487213997308209912e-01 6.150740242261103496e-01 7.206306479523169051e-01 6.917900403768506568e-01 7.433185925783503123e-01 7.196692943664679820e-01 7.581234378004230168e-01 7.390886368006153173e-01 7.177465871947702469e-01 7.356277638915592609e-01 7.650451836185349075e-01 7.462026533358969704e-01 7.463949240530667328e-01 7.692751393962699025e-01 7.619688521438184869e-01 7.844645260526821318e-01 7.719669294366467982e-01
5.612382234185733232e-01 6.321861180542203140e-01 6.177658142664872454e-01 6.877523553162853132e-01 7.014035762353393322e-01 6.527590847913862238e-01 5.454720246106518067e-01 7.350509517400499737e-01 7.796577581234378496e-01 5.337435108632955227e-01 7.667756200730628802e-01 5.418188809844260989e-01 7.844645260526821318e-01 7.840799846183426070e-01 7.761968852143819042e-01 7.815804652951355846e-01 7.790809459719284513e-01 7.779273216689098769e-01 7.992693712747548362e-01 7.948471447798500789e-01 7.921553547394731831e-01
4.820226879446260493e-01 6.962122668717554141e-01 6.664103057104403538e-01 7.283214766391078454e-01 7.131320899826956161e-01 7.594693328206114646e-01 7.387040953662756815e-01 7.035185541242068297e-01 7.142857142857143016e-01 6.689098250336473761e-01 6.648721399730821435e-01 6.831378581042106823e-01 6.842914824072293678e-01 6.673716592962891658e-01 6.783310901749664001e-01 6.725629686598730839e-01 6.544895212459141964e-01 7.133243606998653785e-01 7.200538358008075068e-01 7.300519130936358181e-01 7.073639684676024109e-01
5.556623726206498803e-01 6.679484714477984530e-01 6.508363776196884887e-01 6.314170351855412644e-01 6.150740242261103496e-01 6.583349355893097776e-01 7.100557585079791956e-01 8.067679292443761252e-01 7.971543933858873388e-01 8.127283214766390929e-01 8.006152662949432841e-01 8.117669678907902808e-01 8.069601999615458876e-01 7.956162276485291285e-01 8.106133435877715954e-01 7.785041338204191641e-01 7.890790232647567626e-01 7.821572774466448719e-01 8.200346087290905084e-01 8.038838684868294671e-01 8.083060949817343355e-01
5.716208421457411593e-01 6.035377811959238281e-01 6.164199192462987975e-01 5.766198807921553149e-01 5.833493558930974432e-01 5.831570851759276808e-01 6.031532397615843033e-01 8.196500672947509836e-01 8.179196308402230109e-01 7.729282830224957213e-01 8.173428186887137237e-01 7.906171890021149729e-01 7.663910786387233554e-01 7.379350124975966319e-01 6.944818304172274415e-01 8.123437800422995680e-01 8.184964429917324091e-01 8.096519900019226723e-01 8.042684099211689919e-01 7.911940011536242601e-01 7.917708133051336583e-01
4.226110363391655245e-01 3.849259757738896504e-01 6.979427033262833868e-01 6.664103057104403538e-01 6.492982118823302784e-01 6.929436646798692312e-01 7.096712170736396708e-01 7.115939242453374058e-01 7.035185541242068297e-01 6.927513939626994688e-01 6.706402614881753488e-01 7.262064987502403479e-01 7.967698519515478139e-01 8.254181888098442998e-01 8.400307633147471309e-01 8.336858296481446384e-01 8.400307633147471309e-01 8.352239953855027377e-01 8.136896750624880159e-01 8.059988463756969646e-01 8.344549125168236881e-01
6.021918861757353802e-01 7.485099019419342303e-01 5.343203230148048100e-01 5.737358200346087678e-01 7.833109017496635573e-01 8.208036915977696690e-01 7.800422995577773744e-01 6.852528359930782909e-01 6.512209190540281245e-01 6.150740242261103496e-01 6.150740242261103496e-01 6.350701788117669722e-01 6.808306094981734224e-01 6.960199961545856517e-01 6.915977696596807833e-01 7.308209959623149787e-01 7.308209959623149787e-01 7.813881945779658222e-01 8.069601999615458876e-01 8.136896750624880159e-01 8.165737358200345630e-01
5.008652182272640419e-01 7.060180734474139630e-01 6.539127090944049092e-01 5.287444722168813671e-01 7.285137473562776078e-01 7.108248413766583562e-01 5.868102288021533885e-01 6.168044606806383223e-01 7.281292059219380830e-01 6.662180349932704804e-01 6.023841568929052537e-01 7.462026533358969704e-01 5.197077485099019789e-01 5.466256489136704921e-01 5.448952124591425195e-01 5.289367429340511295e-01 7.636992885983464596e-01 7.538934820226879108e-01 7.727360123053258478e-01 7.248606037300519001e-01 5.423956931359353861e-01
4.970198038838684607e-01 5.931551624687559920e-01 5.593155162468755881e-01 5.635454720246106941e-01 7.350509517400499737e-01 6.789079023264756874e-01 6.244952893674293737e-01 8.146510286483368279e-01 6.298788694481830541e-01 6.254566429532781857e-01 8.167660065372044365e-01 8.056143049413574397e-01 7.729282830224957213e-01 8.371467025572005838e-01 8.233032109209766913e-01 7.896558354162660498e-01 8.563737742741780457e-01 8.484906748702172319e-01 7.794654874062679761e-01 6.710248029225148736e-01 6.585272063064795400e-01
3.903095558546433308e-01 3.849259757738896504e-01 5.318208036915977877e-01 7.400499903864641293e-01 5.314362622572582628e-01 5.652759084791386668e-01 6.273793501249759208e-01 7.171697750432609597e-01 6.965968083060949390e-01 7.046721784272255151e-01 6.448759853874255210e-01 5.989232839838493083e-01 6.300711401653528165e-01 6.266102672562968712e-01 6.268025379734666336e-01 6.314170351855412644e-01 6.569890405691213298e-01 6.110363391655451171e-01 5.993078254181888331e-01 6.194962507210152181e-01 6.335320130744087619e-01
5.673908863680061643e-01 3.849259757738896504e-01 7.160161507402422743e-01 7.365891174774081840e-01 6.981349740434531492e-01 6.708325322053451112e-01 6.508363776196884887e-01 8.100365314362623081e-01 7.833109017496635573e-01 8.319553931936166657e-01 8.177273601230532485e-01 8.384925975773889206e-01 8.415689290521053412e-01 8.494520284560661549e-01 8.298404153047490572e-01 8.098442607190924347e-01 8.546433378196500730e-01 8.356085368198423735e-01 8.644491443953086218e-01 8.584887521630455431e-01 8.638723322437992236e-01
5.654681791963084292e-01 7.117861949625071682e-01 6.739088636800615317e-01 5.260526821765044714e-01 5.072101518938665343e-01 5.456642953278215691e-01 5.487406268025379896e-01 5.746971736204575798e-01 7.240915208613728504e-01 6.658334935589309556e-01 6.792924437608152122e-01 7.417804268409921020e-01 7.096712170736396708e-01 7.142857142857143016e-01 7.287060180734473702e-01 7.212074601038261923e-01 7.164006921745817991e-01 7.229378965583541650e-01 6.812151509325129473e-01 7.423572389925013892e-01 6.902518746394924465e-01
