4.899057873485868075e-01 4.820226879446260493e-01 6.789079023264756874e-01 7.879253989617380771e-01 7.871563160930590275e-01 8.384925975773889206e-01 8.521438184964429396e-01 8.146510286483368279e-01 8.244568352239953768e-01 8.323399346279561906e-01 8.559892328398385208e-01 8.094597192847529099e-01 8.384925975773889206e-01 8.252259180926745374e-01 8.506056527590848404e-01 8.384925975773889206e-01 8.544510671024803106e-01 8.650259565468179090e-01 8.756008459911555075e-01 8.750240338396462203e-01 8.719477023649297998e-01
4.825995000961353365e-01 5.996923668525283579e-01 5.654681791963084292e-01 4.599115554701019293e-01 5.472024610651797794e-01 5.398961738127283638e-01 7.517785041338204133e-01 7.665833493558931178e-01 7.669678907902326426e-01 7.821572774466448719e-01 7.408190732551432900e-01 7.021726591040184928e-01 7.040953662757162279e-01 7.254374158815611873e-01 6.667948471447798786e-01 6.994808690636415971e-01 7.215920015381657171e-01 7.392809075177850797e-01 7.892712939819265250e-01 7.954239569313593661e-01 7.706210344164583503e-01
4.827917708133051544e-01 6.717938857911940342e-01 6.573735820034608546e-01 6.264179965391271088e-01 6.569890405691213298e-01 6.533358969428956220e-01 6.842914824072293678e-01 6.617958084983657230e-01 6.900596039223226841e-01 6.529513555085560972e-01 6.773697365891174771e-01 6.806383387810036600e-01 7.223610844068448777e-01 7.090944049221303835e-01 7.356277638915592609e-01 8.096519900019226723e-01 7.908094597192847353e-01 7.977312055373966260e-01 8.136896750624880159e-01 8.042684099211689919e-01 8.461834262641799720e-01
5.293212843683906543e-01 6.867910017304365011e-01 6.579503941549702528e-01 6.181503557008267702e-01 6.135358584887521394e-01 6.519900019227071741e-01 6.281484329936550814e-01 6.344933666602576849e-01 7.888867525475870002e-01 7.529321284368390987e-01 7.692751393962699025e-01 7.496635262449529158e-01 5.929628917515862296e-01 6.260334551047875840e-01 6.077677369736589341e-01 7.288982887906172436e-01 7.371659296289174712e-01 7.135166314170351409e-01 7.192847529321284572e-01 7.112093828109978810e-01 7.635070178811766972e-01
6.004614497212074076e-01 4.966352624495289358e-01 4.974043453182080410e-01 4.912516823687752554e-01 6.033455104787540657e-01 7.179388579119400093e-01 7.363968467602384216e-01 8.027302441838107816e-01 8.127283214766390929e-01 7.923476254566429455e-01 8.557969621226687584e-01 8.252259180926745374e-01 8.484906748702172319e-01 8.377235147087098710e-01 8.054220342241876773e-01 8.127283214766390929e-01 8.396462218804076061e-01 8.634877908094596988e-01 8.534897135166313875e-01 8.754085752739857451e-01 8.684868294558738544e-01
4.681791963084022123e-01 5.068256104595270095e-01 5.608536819842337984e-01 5.004806767929244060e-01 5.229763507017881619e-01 5.283599307825418423e-01 6.060373005191309614e-01 6.010382618727168058e-01 6.269948086906363960e-01 5.939242453374351527e-01 6.429532782157277859e-01 6.291097865795038935e-01 6.341088252259180491e-01 6.814074216496827097e-01 6.604499134781772751e-01 6.794847144779849746e-01 6.704479907710055864e-01 7.896558354162660498e-01 8.231109402038069289e-01 8.311863103249375051e-01 8.409921169005960540e-01
4.922130359546241229e-01 7.954239569313593661e-01 6.858296481445875781e-01 7.260142280330705855e-01 6.865987310132666277e-01 6.814074216496827097e-01 6.637185156700634581e-01 6.639107863872332205e-01 6.896750624879830482e-01 8.011920784464525713e-01 8.140742164968275407e-01 8.173428186887137237e-01 8.177273601230532485e-01 8.365698904056911855e-01 8.411843876177658164e-01 8.273408959815420349e-01 8.386848682945587941e-01 8.606037300519130406e-01 8.584887521630455431e-01 8.454143433955008113e-01 8.336858296481446384e-01
5.998846375696981204e-01 5.241299750048067363e-01 7.071716977504326485e-01 7.396654489521246045e-01 7.733128244568352461e-01 7.290905595077870061e-01 7.533166698711786236e-01 7.513939626994808885e-01 7.635070178811766972e-01 6.871755431647760259e-01 6.758315708517592668e-01 7.075562391847721733e-01 7.333205152855220010e-01 8.096519900019226723e-01 7.831186310324937949e-01 7.531243991540088611e-01 7.967698519515478139e-01 7.704287636992885879e-01 8.277254374158815597e-01 8.421457412036147394e-01 8.281099788502210846e-01
5.562391847721591676e-01 5.070178811766967719e-01 5.279753893482023175e-01 6.502595654681792015e-01 5.893097481253605219e-01 6.416073831955393381e-01 6.337242837915785243e-01 7.363968467602384216e-01 7.229378965583541650e-01 7.312055373966545035e-01 7.446644875985387602e-01 7.244760622957123752e-01 7.256296865987310607e-01 7.315900788309940284e-01 7.852336089213612924e-01 7.983080176889060242e-01 7.886944818304172378e-01 7.794654874062679761e-01 7.773505095174004786e-01 7.881176696789079505e-01 8.042684099211689919e-01
5.756585272063065029e-01 6.243030186502596113e-01 5.983464718323399101e-01 6.987117861949625475e-01 7.638915593155162220e-01 6.796769851951547370e-01 6.925591232455297064e-01 7.131320899826956161e-01 7.296673716592962933e-01 7.460103826187272080e-01 7.525475870024995739e-01 7.850413382041915300e-01 7.688905979619303777e-01 7.844645260526821318e-01 7.906171890021149729e-01 7.731205537396654837e-01 7.744664487598538205e-01 8.640646029609690970e-01 8.450298019611612865e-01 8.571428571428570953e-01 8.663718515670063569e-01
5.004806767929244060e-01 5.812343780042299457e-01 5.372043837723514681e-01 5.864256873678138637e-01 5.733512786002691319e-01 5.710440299942318720e-01 5.646990963276292685e-01 7.227456258411844026e-01 6.923668525283599440e-01 7.644683714670256203e-01 7.515862334166506509e-01 7.667756200730628802e-01 7.669678907902326426e-01 7.213997308209959547e-01 7.381272832147663943e-01 7.496635262449529158e-01 8.173428186887137237e-01 8.319553931936166657e-01 8.488752163045568677e-01 8.254181888098442998e-01 8.083060949817343355e-01
5.616227648529128480e-01 6.666025764276101162e-01 6.058450298019611990e-01 6.958277254374158893e-01 7.858104210728705796e-01 7.231301672755239274e-01 7.296673716592962933e-01 7.329359738511824762e-01 7.562007306287252817e-01 7.710055758507978751e-01 7.819650067294751095e-01 7.785041338204191641e-01 7.729282830224957213e-01 7.565852720630648065e-01 7.785041338204191641e-01 7.960007690828686533e-01 7.829263603153239215e-01 7.811959238607959488e-01 7.894635646990962874e-01 7.811959238607959488e-01 7.758123437800422684e-01
6.019996154585656178e-01 5.754662564891367404e-01 5.729667371659296071e-01 7.231301672755239274e-01 7.394731782349548421e-01 7.160161507402422743e-01 7.200538358008075068e-01 7.600461449721207519e-01 7.579311670832532544e-01 7.517785041338204133e-01 7.613920399923091997e-01 7.387040953662756815e-01 8.040761392039992295e-01 8.242645645068256144e-01 8.050374927898481525e-01 7.462026533358969704e-01 7.585079792347625416e-01 7.677369736589118032e-01 7.490867140934435175e-01 7.521630455681599381e-01 7.640838300326859844e-01
6.091136319938473820e-01 4.762545664295327885e-01 5.064410690251874847e-01 6.533358969428956220e-01 5.877715823880023116e-01 6.475677754278023057e-01 6.610267256296865623e-01 7.538934820226879108e-01 6.621803499327052478e-01 6.852528359930782909e-01 6.977504326091136244e-01 7.654297250528744323e-01 8.108056143049413578e-01 8.233032109209766913e-01 8.084983656989040979e-01 8.008075370121130465e-01 8.256104595270140623e-01 8.163814651028648006e-01 8.040761392039992295e-01 7.921553547394731831e-01 7.948471447798500789e-01
3.730051913093636040e-01 5.479715439338588290e-01 6.035377811959238281e-01 7.335127860026917634e-01 7.615843107094789621e-01 7.304364545279753429e-01 7.385118246491059191e-01 7.181311286291097717e-01 7.725437415881560854e-01 8.136896750624880159e-01 7.773505095174004786e-01 8.167660065372044365e-01 8.006152662949432841e-01 8.246491059411651392e-01 8.104210728706018330e-01 8.227263987694674041e-01 7.813881945779658222e-01 8.329167467794654778e-01 8.283022495673908470e-01 8.173428186887137237e-01 8.188809844260719339e-01
5.439338588732935964e-01 6.131513170544126146e-01 6.940972889828879167e-01 7.677369736589118032e-01 7.800422995577773744e-01 7.825418188809843967e-01 7.777350509517400035e-01 7.723514708709863230e-01 7.567775427802345689e-01 7.871563160930590275e-01 8.069601999615458876e-01 8.079215535473946996e-01 8.169582772543741989e-01 7.942703326283406806e-01 8.309940396077677427e-01 8.496442991732359173e-01 8.779080945971928784e-01 8.598346471832339910e-01 8.631032493751201740e-01 8.644491443953086218e-01 8.425302826379542642e-01
5.260526821765044714e-01 4.983656989040569085e-01 5.050951740049990368e-01 5.320130744087675501e-01 5.135550855604691378e-01 5.385502787925399160e-01 8.083060949817343355e-01 8.857911940011535812e-01 8.411843876177658164e-01 8.296481445875792948e-01 8.038838684868294671e-01 8.027302441838107816e-01 7.919630840223034207e-01 7.786964045375889265e-01 8.106133435877715954e-01 8.031147856181503064e-01 8.102288021534320706e-01 8.138819457796577783e-01 8.198423380119207460e-01 8.175350894058834861e-01 8.215727744664487187e-01
5.668140742164968771e-01 5.877715823880023116e-01 5.766198807921553149e-01 5.748894443376273422e-01 5.758507979234762653e-01 5.846952509132858911e-01 5.902711017112093339e-01 5.666218034993270036e-01 6.056527590847914366e-01 6.106517977312055923e-01 6.041145933474332264e-01 6.016150740242260930e-01 6.048836762161122760e-01 6.990963276293020723e-01 7.140934435685445392e-01 6.944818304172274415e-01 7.012113055181695698e-01 7.196692943664679820e-01 7.886944818304172378e-01 8.013843491636223337e-01 8.011920784464525713e-01
4.776004614497211809e-01 5.875793116708325492e-01 7.444722168813689978e-01 7.027494712555277800e-01 7.406268025379734166e-01 7.808113824264564240e-01 7.542780234570275466e-01 7.579311670832532544e-01 6.710248029225148736e-01 6.658334935589309556e-01 6.660257642761007180e-01 6.746779465487405814e-01 6.948663718515669663e-01 6.948663718515669663e-01 6.944818304172274415e-01 7.352432224572197361e-01 7.310132666794847411e-01 7.313978081138242660e-01 7.379350124975966319e-01 7.777350509517400035e-01 7.742741780426840581e-01
5.975773889636608605e-01 5.858488752163045765e-01 6.091136319938473820e-01 6.396846760238416030e-01 6.408383003268601774e-01 8.273408959815420349e-01 8.190732551432416964e-01 7.919630840223034207e-01 7.942703326283406806e-01 8.284945202845606094e-01 8.654104979811574339e-01 8.321476639107864282e-01 8.577196692943664935e-01 8.392616804460680813e-01 8.575273985771967311e-01 8.752163045568159827e-01 8.557969621226687584e-01 8.775235531628532426e-01 8.746394924053066955e-01 8.811766967890790614e-01 8.819457796577581110e-01
5.322053451259373125e-01 4.858681022880215195e-01 5.081715054797154574e-01 5.500865218227264375e-01 5.250913285906556593e-01 5.402807152470678886e-01 6.410305710440299398e-01 6.479523168621419416e-01 6.144972120746010624e-01 5.983464718323399101e-01 7.235147087098634522e-01 7.506248798308017278e-01 7.771582388002307162e-01 7.650451836185349075e-01 7.627379350124976476e-01 7.863872332243799779e-01 7.579311670832532544e-01 7.660065372043837195e-01 7.748509901941934563e-01 7.735050951740050085e-01 7.861949625072101044e-01
