5.671986156508364019e-01 5.810421072870601833e-01 6.158431070947895103e-01 5.673908863680061643e-01 5.118246491059411651e-01 5.610459527014035608e-01 5.796962122668717354e-01 6.294943280138435293e-01 6.700634493366660616e-01 4.845222072678331271e-01 5.345125937319745724e-01 5.454720246106518067e-01 5.993078254181888331e-01 6.904441453566622089e-01 8.150355700826764638e-01 6.283407037108248439e-01 6.398769467410113654e-01 6.629494328013842974e-01 6.635262449528936957e-01 7.025572005383580176e-01 6.996731397808113595e-01
5.049029032878292744e-01 6.848682945587386550e-01 6.654489521245914307e-01 6.812151509325129473e-01 5.929628917515862296e-01 5.623918477215920086e-01 5.773889636608344755e-01 5.775812343780042379e-01 6.193039800038454556e-01 5.979619303980003853e-01 6.193039800038454556e-01 6.646798692559122701e-01 6.692943664679869009e-01 6.627571620842145350e-01 6.954431840030763645e-01 6.942895597000576791e-01 6.990963276293020723e-01 7.000576812151508843e-01 7.067871563160930126e-01 7.069794270332628860e-01 7.040953662757162279e-01
4.456835223995385675e-01 6.629494328013842974e-01 6.940972889828879167e-01 6.906364160738319713e-01 5.681599692366852139e-01 5.425879638531051485e-01 5.685445106710248497e-01 6.323783887713900764e-01 6.533358969428956220e-01 5.698904056912131866e-01 6.452605268217650458e-01 6.656412228417611932e-01 6.933282061142087560e-01 6.533358969428956220e-01 6.946741011343972039e-01 6.962122668717554141e-01 7.012113055181695698e-01 6.262257258219573464e-01 7.010190348009998074e-01 6.160353778119592727e-01 6.892905210536435234e-01
5.462411074793308563e-01 6.341088252259180491e-01 5.577773505095173778e-01 5.662372620649874788e-01 6.260334551047875840e-01 5.489328975197077520e-01 5.964237646606421750e-01 5.846952509132858911e-01 5.993078254181888331e-01 4.881753508940588349e-01 6.043068640646029888e-01 5.166314170351855584e-01 4.991347817727360137e-01 5.498942511055566751e-01 6.010382618727168058e-01 5.448952124591425195e-01 5.135550855604691378e-01 5.812343780042299457e-01 5.387425495097096784e-01 8.090751778504133851e-01 7.731205537396654837e-01
6.041145933474332264e-01 6.039223226302634639e-01 6.260334551047875840e-01 6.208421457412036659e-01 5.883483945395115988e-01 6.300711401653528165e-01 5.431647760046145468e-01 6.154585656604498745e-01 5.541242068832916701e-01 5.402807152470678886e-01 5.625841184387617711e-01 5.427802345702749109e-01 5.760430686406460277e-01 6.879446260334550756e-01 5.727744664487598447e-01 5.352816766006537330e-01 6.404537588925206526e-01 6.508363776196884887e-01 6.739088636800615317e-01 6.398769467410113654e-01 6.567967698519515674e-01
3.841568929052105452e-01 4.847144779850028895e-01 5.985387425495096725e-01 5.998846375696981204e-01 4.304941357431263382e-01 4.877908094597193100e-01 5.127860026917900882e-01 4.131897711978465559e-01 4.378004229955777538e-01 4.454912516823687496e-01 4.431840030763314897e-01 5.054797154393385616e-01 6.150740242261103496e-01 5.866179580849836261e-01 6.150740242261103496e-01 6.150740242261103496e-01 6.150740242261103496e-01 6.912132282253412585e-01 6.889059796193039986e-01 6.973658911747740996e-01 6.791001730436454498e-01
5.587387040953663009e-01 5.733512786002691319e-01 6.383387810036531551e-01 5.033647375504710642e-01 5.979619303980003853e-01 6.579503941549702528e-01 6.519900019227071741e-01 6.602576427610075127e-01 6.604499134781772751e-01 6.614112670640261982e-01 6.550663333974235947e-01 6.208421457412036659e-01 6.433378196500673107e-01 5.846952509132858911e-01 6.406460296096904150e-01 6.143049413574313000e-01 6.419919246298788629e-01 6.354547202461064970e-01 6.419919246298788629e-01 6.810228802153431849e-01 6.998654104979811219e-01
6.350701788117669722e-01 6.029609690444145409e-01 6.658334935589309556e-01 5.835416266102672056e-01 6.616035377811959606e-01 6.889059796193039986e-01 6.467986925591232561e-01 4.910594116516054375e-01 5.323976158431070749e-01 6.004614497212074076e-01 6.262257258219573464e-01 6.915977696596807833e-01 6.708325322053451112e-01 6.446837146702557586e-01 6.973658911747740996e-01 6.885214381849644738e-01 6.235339357815804506e-01 6.093059027110171444e-01 6.012305325898865682e-01 6.791001730436454498e-01 7.021726591040184928e-01
5.512401461257450119e-01 5.623918477215920086e-01 6.362238031147856576e-01 6.971736204576043372e-01 6.458373389732743330e-01 6.244952893674293737e-01 6.062295712363007238e-01 6.200730628725245053e-01 6.091136319938473820e-01 6.260334551047875840e-01 5.575850797923476154e-01 6.150740242261103496e-01 5.591232455297058257e-01 6.492982118823302784e-01 6.031532397615843033e-01 6.429532782157277859e-01 6.035377811959238281e-01 6.915977696596807833e-01 6.877523553162853132e-01 6.929436646798692312e-01 7.269755816189193975e-01
5.943087867717746775e-01 5.368198423380119433e-01 5.016343010959430915e-01 5.318208036915977877e-01 5.352816766006537330e-01 6.962122668717554141e-01 6.762161122860987916e-01 6.767929244376081899e-01 6.450682561045952834e-01 6.006537204383772810e-01 6.644875985387425077e-01 6.360315323976158952e-01 6.294943280138435293e-01 6.373774274178042321e-01 5.658527206306479540e-01 5.866179580849836261e-01 5.483560853681984648e-01 6.712170736396846360e-01 6.508363776196884887e-01 6.227648529129014010e-01 6.083445491251682213e-01
5.612382234185733232e-01 5.429725052874446733e-01 6.150740242261103496e-01 5.621995770044222462e-01 5.637377427417804565e-01 5.329744279946164731e-01 5.545087483176311949e-01 5.760430686406460277e-01 4.929821188233032281e-01 6.310324937512017396e-01 6.435300903672370731e-01 6.489136704479907536e-01 6.554508748317631195e-01 6.416073831955393381e-01 6.492982118823302784e-01 6.393001345895019671e-01 6.666025764276101162e-01 6.933282061142087560e-01 6.379542395693136303e-01 6.393001345895019671e-01 6.444914439530859962e-01
4.849067487021726519e-01 5.193232070755623431e-01 5.235531628532974491e-01 5.125937319746202148e-01 5.160546048836762711e-01 5.781580465295135252e-01 6.275716208421457942e-01 6.564122284176120425e-01 6.467986925591232561e-01 6.277638915593155566e-01 6.356469909632762594e-01 6.840992116900596054e-01 6.341088252259180491e-01 6.166121899634685599e-01 6.119976927513939291e-01 6.196885214381849805e-01 6.716016150740242718e-01 6.750624879830802172e-01 6.727552393770428463e-01 6.537204383772351468e-01 6.742934051144010565e-01
3.901172851374735684e-01 3.897327437031339881e-01 5.124014612574504524e-01 5.124014612574504524e-01 5.566237262064988034e-01 5.604691405498942736e-01 5.606614112670640360e-01 5.652759084791386668e-01 6.191117092866756932e-01 6.400692174581811278e-01 6.591040184579888273e-01 6.531436262257258596e-01 6.794847144779849746e-01 7.096712170736396708e-01 6.741011343972312941e-01 6.539127090944049092e-01 7.106325706594885938e-01 7.194770236492982196e-01 7.133243606998653785e-01 7.150547971543933512e-01 7.158238800230725118e-01
5.193232070755623431e-01 5.241299750048067363e-01 5.450874831763122819e-01 5.766198807921553149e-01 5.252835993078254218e-01 5.275908479138626817e-01 4.852912901365122322e-01 4.995193232070755385e-01 5.068256104595270095e-01 6.237262064987502130e-01 6.456450682561045706e-01 6.721784272255335591e-01 6.546817919630840699e-01 6.750624879830802172e-01 6.589117477408190648e-01 6.902518746394924465e-01 6.892905210536435234e-01 6.900596039223226841e-01 6.639107863872332205e-01 6.548740626802538323e-01 6.587194770236493024e-01
4.226110363391655245e-01 5.066333397423572471e-01 5.056719861565083241e-01 5.420111517015958613e-01 5.814266487213997081e-01 5.996923668525283579e-01 6.023841568929052537e-01 5.149009805806575857e-01 5.118246491059411651e-01 5.525860411459334598e-01 6.143049413574313000e-01 5.560469140549894052e-01 6.118054220342241667e-01 6.362238031147856576e-01 6.862141895789271029e-01 6.487213997308209912e-01 6.492982118823302784e-01 6.908286867910017337e-01 6.900596039223226841e-01 6.873678138819457883e-01 6.250721015189386609e-01
6.423764660642183877e-01 6.439146318015765980e-01 5.729667371659296071e-01 5.254758700249951842e-01 6.216112286098827155e-01 6.865987310132666277e-01 6.919823110940204192e-01 6.890982503364737610e-01 6.542972505287444340e-01 5.658527206306479540e-01 5.798884829840414978e-01 5.710440299942318720e-01 6.429532782157277859e-01 6.881368967506248380e-01 6.787156316093059250e-01 7.073639684676024109e-01 6.994808690636415971e-01 6.973658911747740996e-01 6.896750624879830482e-01 6.656412228417611932e-01 6.394924053066718406e-01
5.008652182272640419e-01 5.837338973274370790e-01 5.725821957315900823e-01 6.204576043068640301e-01 5.595077869640453505e-01 6.146894827917708248e-01 5.147087098634878233e-01 4.351086329552009135e-01 4.524129975004806958e-01 4.353009036723706759e-01 4.331859257835031785e-01 4.614497212074600840e-01 5.414343395500865741e-01 5.460488367621610939e-01 5.298980965199000526e-01 4.918284945202845426e-01 5.014420303787733291e-01 5.695058642568736618e-01 6.318015766198807892e-01 6.746779465487405814e-01 6.525668140742164613e-01
5.466256489136704921e-01 5.485483560853682272e-01 5.781580465295135252e-01 5.500865218227264375e-01 5.941165160546049151e-01 6.223803114785617652e-01 5.702749471255528224e-01 7.494712555277831534e-01 7.502403383964622030e-01 7.429340511440107875e-01 6.008459911555470434e-01 5.804652951355508961e-01 6.083445491251682213e-01 6.373774274178042321e-01 6.119976927513939291e-01 6.144972120746010624e-01 6.544895212459141964e-01 6.621803499327052478e-01 6.573735820034608546e-01 6.304556815996923413e-01 7.931167083253221062e-01
3.930013458950201710e-01 4.985579696212266709e-01 5.595077869640453505e-01 6.075754662564891717e-01 6.004614497212074076e-01 5.989232839838493083e-01 5.998846375696981204e-01 6.050759469332820384e-01 6.150740242261103496e-01 6.150740242261103496e-01 6.150740242261103496e-01 6.150740242261103496e-01 6.227648529129014010e-01 6.191117092866756932e-01 6.702557200538358240e-01 6.814074216496827097e-01 6.833301288213805558e-01 6.398769467410113654e-01 5.945010574889444399e-01 6.183426264179965326e-01 6.168044606806383223e-01
4.412612959046336991e-01 4.391463180157662016e-01 5.452797538934820443e-01 5.412420688329167007e-01 5.416266102672563365e-01 5.662372620649874788e-01 5.873870409536627868e-01 6.635262449528936957e-01 5.495097096712170393e-01 5.281676600653720799e-01 6.539127090944049092e-01 6.483368582964814664e-01 6.881368967506248380e-01 6.627571620842145350e-01 6.625648913670447726e-01 6.489136704479907536e-01 6.733320515285522445e-01 6.723706979427033215e-01 6.725629686598730839e-01 6.704479907710055864e-01 6.833301288213805558e-01
5.654681791963084292e-01 5.525860411459334598e-01 6.383387810036531551e-01 5.712363007114016344e-01 6.218034993270524780e-01 6.133435877715823770e-01 6.106517977312055923e-01 6.862141895789271029e-01 6.815996923668525831e-01 6.552586041145933571e-01 5.960392232263026502e-01 6.221880407613920028e-01 5.966160353778119374e-01 6.219957700442222404e-01 6.208421457412036659e-01 6.914054989425110209e-01 6.650644106902519059e-01 6.381465102864833927e-01 6.546817919630840699e-01 6.787156316093059250e-01 6.881368967506248380e-01
