4.781772736012305236e-01 5.516246875600846478e-01 5.798884829840414978e-01 5.716208421457411593e-01 5.648913670447990309e-01 6.102672562968659564e-01 6.006537204383772810e-01 5.956546817919631254e-01 6.177658142664872454e-01 6.068063833878100111e-01 5.985387425495096725e-01 6.060373005191309614e-01 6.179580849836570078e-01 6.112286098827148795e-01 6.083445491251682213e-01 6.048836762161122760e-01 6.187271678523360574e-01 6.239184772159199754e-01 6.185348971351662950e-01 6.237262064987502130e-01 6.298788694481830541e-01
4.852912901365122322e-01 5.168236877523553208e-01 5.031724668333013017e-01 5.533551240146126204e-01 5.748894443376273422e-01 4.847144779850028895e-01 5.593155162468755881e-01 5.877715823880023116e-01 5.831570851759276808e-01 5.873870409536627868e-01 5.945010574889444399e-01 6.004614497212074076e-01 6.041145933474332264e-01 6.104595270140357188e-01 6.150740242261103496e-01 6.144972120746010624e-01 6.131513170544126146e-01 6.148817535089405872e-01 6.148817535089405872e-01 6.114208805998846419e-01 6.089213612766775086e-01
4.585656604499134814e-01 5.550855604691405931e-01 5.241299750048067363e-01 3.960776773697365916e-01 4.093443568544510858e-01 4.220342241876562372e-01 4.583733897327437190e-01 4.433762737935012521e-01 4.572197654297250335e-01 4.481830417227456453e-01 4.483753124399154077e-01 4.529898096519899831e-01 4.518361853489713531e-01 5.854643337819650517e-01 5.066333397423572471e-01 5.170159584695250832e-01 5.266294943280138696e-01 5.360507594693327826e-01 5.464333781965006187e-01 5.433570467217843092e-01 5.108632955200922421e-01
5.191309363583925807e-01 5.527783118631032222e-01 5.758507979234762653e-01 6.504518361853489639e-01 5.431647760046145468e-01 5.427802345702749109e-01 5.395116323783887280e-01 5.302826379542395774e-01 5.472024610651797794e-01 5.345125937319745724e-01 5.473947317823495418e-01 5.483560853681984648e-01 5.431647760046145468e-01 5.529705825802729846e-01 5.556623726206498803e-01 5.523937704287636974e-01 5.529705825802729846e-01 5.502787925398961999e-01 5.529705825802729846e-01 5.514324168429147743e-01 5.518169582772544102e-01
5.260526821765044714e-01 6.614112670640261982e-01 6.714093443568543984e-01 5.806575658527206585e-01 6.616035377811959606e-01 5.806575658527206585e-01 6.748702172659104548e-01 6.521822726398769365e-01 6.679484714477984530e-01 6.739088636800615317e-01 6.729475100942126087e-01 6.694866371851566633e-01 6.727552393770428463e-01 6.802537973466641352e-01 6.754470294174197420e-01 6.771774658719477147e-01 6.696789079023264257e-01 6.773697365891174771e-01 6.677562007306286906e-01 6.648721399730821435e-01 6.802537973466641352e-01
4.651028648336858473e-01 4.253028263795424202e-01 4.739473178234954731e-01 3.683906940972889732e-01 4.689482791770813175e-01 4.931743895404729905e-01 4.620265333589694268e-01 4.312632186118054434e-01 4.456835223995385675e-01 4.458757931167083299e-01 4.522207267833108779e-01 4.341472793693520460e-01 4.474139588540665402e-01 4.520284560661411155e-01 4.502980196116131428e-01 5.310517208229186270e-01 6.019996154585656178e-01 6.127667756200730897e-01 6.223803114785617652e-01 6.450682561045952834e-01 6.362238031147856576e-01
5.143241684291481874e-01 6.291097865795038935e-01 6.710248029225148736e-01 5.898865602768698091e-01 6.110363391655451171e-01 5.716208421457411593e-01 5.866179580849836261e-01 5.937319746202652793e-01 5.998846375696981204e-01 6.431455489328975483e-01 6.771774658719477147e-01 6.592962891751585897e-01 6.769851951547779523e-01 6.754470294174197420e-01 6.698711786194962992e-01 6.710248029225148736e-01 6.677562007306286906e-01 6.723706979427033215e-01 6.656412228417611932e-01 6.741011343972312941e-01 6.725629686598730839e-01
6.114208805998846419e-01 5.070178811766967719e-01 6.519900019227071741e-01 6.089213612766775086e-01 5.877715823880023116e-01 5.814266487213997081e-01 6.352624495289367346e-01 6.460296096904440954e-01 6.389155931551624423e-01 6.594885598923283521e-01 6.627571620842145350e-01 6.537204383772351468e-01 6.564122284176120425e-01 6.492982118823302784e-01 6.608344549125167999e-01 6.748702172659104548e-01 6.752547587002499796e-01 6.767929244376081899e-01 6.727552393770428463e-01 6.837146702557200806e-01 6.858296481445875781e-01
5.124014612574504524e-01 4.835608536819842596e-01 5.606614112670640360e-01 5.573928090751778530e-01 5.358584887521630202e-01 5.677754278023456891e-01 6.358392616804460218e-01 6.623726206498750102e-01 7.175543164776004845e-01 7.700442222649490631e-01 7.550471063257065962e-01 7.560084599115555193e-01 7.638915593155162220e-01 7.823495481638146343e-01 7.921553547394731831e-01 7.940780619111709182e-01 8.161891943856950382e-01 8.317631224764467923e-01 8.394539511632378437e-01 8.333012882138050026e-01 8.431070947894635514e-01
5.895020188425302843e-01 6.112286098827148795e-01 6.419919246298788629e-01 6.179580849836570078e-01 6.031532397615843033e-01 6.425687367813881501e-01 6.617958084983657230e-01 6.577581234378003794e-01 6.666025764276101162e-01 6.566044991347818049e-01 6.691020957508171385e-01 6.621803499327052478e-01 6.748702172659104548e-01 6.704479907710055864e-01 6.637185156700634581e-01 6.608344549125167999e-01 6.733320515285522445e-01 6.712170736396846360e-01 6.706402614881753488e-01 6.708325322053451112e-01 6.719861565083637966e-01
5.033647375504710642e-01 5.808498365698904209e-01 5.120169198231109275e-01 5.520092289944241726e-01 6.419919246298788629e-01 7.371659296289174712e-01 7.164006921745817991e-01 8.244568352239953768e-01 8.129205921938088553e-01 8.617573543549317261e-01 7.996539127090943611e-01 8.319553931936166657e-01 8.573351278600269687e-01 8.679100173043645672e-01 8.798308017688906135e-01 8.777158238800231160e-01 8.890597961930397641e-01 8.617573543549317261e-01 8.804076139203999007e-01 8.867525475870025042e-01 8.811766967890790614e-01
5.689290521053643745e-01 6.819842338011921079e-01 6.785233608921361625e-01 5.547010190348009573e-01 6.248798308017688985e-01 6.354547202461064970e-01 6.489136704479907536e-01 6.467986925591232561e-01 6.527590847913862238e-01 6.464141511247837313e-01 6.506441069025187263e-01 6.485291290136512288e-01 6.523745433570466989e-01 6.510286483368582511e-01 6.666025764276101162e-01 6.571813112862910922e-01 6.573735820034608546e-01 6.648721399730821435e-01 6.650644106902519059e-01 6.629494328013842974e-01 6.631417035185541708e-01
5.708517592770621096e-01 5.781580465295135252e-01 5.816189194385694705e-01 5.239377042876369739e-01 5.923860796000769424e-01 6.410305710440299398e-01 6.773697365891174771e-01 6.741011343972312941e-01 7.165929628917515615e-01 7.002499519323207577e-01 7.033262834070370673e-01 7.406268025379734166e-01 7.838877139011728445e-01 7.817727360123053471e-01 7.854258796385310548e-01 7.871563160930590275e-01 7.994616419919245986e-01 8.042684099211689919e-01 8.202268794462603818e-01 8.598346471832339910e-01 8.644491443953086218e-01
5.573928090751778530e-01 4.695250913285906602e-01 6.692943664679869009e-01 4.751009421265141586e-01 4.850990194193424143e-01 5.593155162468755881e-01 5.293212843683906543e-01 5.835416266102672056e-01 6.577581234378003794e-01 7.606229571236300391e-01 8.059988463756969646e-01 8.281099788502210846e-01 7.329359738511824762e-01 7.925398961738127079e-01 7.788886752547586889e-01 7.975389348202268636e-01 8.267640838300326367e-01 8.069601999615458876e-01 8.036915977696597047e-01 8.142664872139973031e-01 8.023457027494712568e-01
3.333974235723899393e-01 5.931551624687559920e-01 6.231493943472409258e-01 6.108440684483753547e-01 6.169967313978080847e-01 6.256489136704479481e-01 6.262257258219573464e-01 6.246875600845991361e-01 6.256489136704479481e-01 6.252643722361084233e-01 6.252643722361084233e-01 6.254566429532781857e-01 6.258411843876177105e-01 6.258411843876177105e-01 6.260334551047875840e-01 6.258411843876177105e-01 6.260334551047875840e-01 6.260334551047875840e-01 6.262257258219573464e-01 6.262257258219573464e-01 6.262257258219573464e-01
5.364353009036724185e-01 6.314170351855412644e-01 6.387233224379926799e-01 6.439146318015765980e-01 6.318015766198807892e-01 5.498942511055566751e-01 6.600653720438377503e-01 6.744856758315708189e-01 6.810228802153431849e-01 6.798692559123244994e-01 6.479523168621419416e-01 6.489136704479907536e-01 6.852528359930782909e-01 6.723706979427033215e-01 6.862141895789271029e-01 6.733320515285522445e-01 6.727552393770428463e-01 6.719861565083637966e-01 6.731397808113823711e-01 6.775620073062872395e-01 6.823687752355316327e-01
5.335512401461257603e-01 5.120169198231109275e-01 5.227840799846182884e-01 4.933666602576427529e-01 5.206691020957507909e-01 4.949048259950009632e-01 5.254758700249951842e-01 5.352816766006537330e-01 5.514324168429147743e-01 5.541242068832916701e-01 5.506633339742357247e-01 5.439338588732935964e-01 5.548932897519707197e-01 5.531628532974427470e-01 5.514324168429147743e-01 5.539319361661219077e-01 5.498942511055566751e-01 5.491251682368775144e-01 5.497019803883868017e-01 5.508556046914054871e-01 5.468179196308402545e-01
4.939434724091520956e-01 5.945010574889444399e-01 5.996923668525283579e-01 6.150740242261103496e-01 6.154585656604498745e-01 6.156508363776196369e-01 6.156508363776196369e-01 6.156508363776196369e-01 6.131513170544126146e-01 6.441069025187463604e-01 6.635262449528936957e-01 7.269755816189193975e-01 7.392809075177850797e-01 7.848490674870217676e-01 8.034993270524899422e-01 7.681215150932513280e-01 8.504133820419149670e-01 8.965583541626610531e-01 8.842530282637953709e-01 8.729090559507787228e-01 8.784849067487021657e-01
4.693328206114208978e-01 4.281868871370890228e-01 4.472216881368967778e-01 4.287636992885983656e-01 4.131897711978465559e-01 4.160738319553932141e-01 4.178042684099211868e-01 4.256873678138819450e-01 4.295327821572774707e-01 4.247260142280330775e-01 4.291482407229378904e-01 4.243414727936934971e-01 4.333781965006729409e-01 4.370313401268986486e-01 4.408767544702941743e-01 4.345318208036915708e-01 4.379926937127475717e-01 4.391463180157662016e-01 4.441453566621803573e-01 4.404922130359546495e-01 4.652951355508556097e-01
6.137281292059219018e-01 5.587387040953663009e-01 5.495097096712170393e-01 5.175927706210343704e-01 5.531628532974427470e-01 5.843107094789463662e-01 5.952701403576234895e-01 5.966160353778119374e-01 6.046914054989425136e-01 5.964237646606421750e-01 6.206498750240337925e-01 6.196885214381849805e-01 6.221880407613920028e-01 6.221880407613920028e-01 6.389155931551624423e-01 6.673716592962891658e-01 6.721784272255335591e-01 6.731397808113823711e-01 6.662180349932704804e-01 6.685252835993078513e-01 6.717938857911940342e-01
5.297058258027302902e-01 6.029609690444145409e-01 6.058450298019611990e-01 6.181503557008267702e-01 6.973658911747740996e-01 7.381272832147663943e-01 7.600461449721207519e-01 7.808113824264564240e-01 7.483176312247644679e-01 7.965775812343780515e-01 7.692751393962699025e-01 7.585079792347625416e-01 7.879253989617380771e-01 7.935012497596616310e-01 8.048452220726782791e-01 7.942703326283406806e-01 8.704095366275715895e-01 8.454143433955008113e-01 8.158046529513555134e-01 8.227263987694674041e-01 8.323399346279561906e-01
