5.779657758123437628e-01 6.569890405691213298e-01 6.467986925591232561e-01 6.975581618919438620e-01 6.823687752355316327e-01 6.689098250336473761e-01 7.481253605075947055e-01 7.506248798308017278e-01 7.981157469717361508e-01 7.990771005575850738e-01 8.115746971736204074e-01 8.119592386079600432e-01 8.017688905979619696e-01 7.942703326283406806e-01 8.152278407998462262e-01 8.127283214766390929e-01 8.142664872139973031e-01 8.142664872139973031e-01 8.233032109209766913e-01 8.233032109209766913e-01 8.225341280522976417e-01
5.050951740049990368e-01 6.341088252259180491e-01 6.319938473370505516e-01 6.316093059027110268e-01 7.296673716592962933e-01 7.721592001538165606e-01 7.187079407806190590e-01 7.802345702749471368e-01 7.886944818304172378e-01 8.144587579311670655e-01 8.600269179004037534e-01 8.669486637185156441e-01 8.425302826379542642e-01 8.423380119207845018e-01 8.431070947894635514e-01 8.388771390117285565e-01 8.538742549509709123e-01 8.273408959815420349e-01 8.404153047490867667e-01 8.538742549509709123e-01 8.459911555470102096e-01
4.443376273793501197e-01 6.858296481445875781e-01 6.542972505287444340e-01 8.209959623149394314e-01 8.106133435877715954e-01 7.152470678715631136e-01 6.942895597000576791e-01 7.708133051336281127e-01 7.067871563160930126e-01 8.034993270524899422e-01 7.477408190732551807e-01 7.098634877908094332e-01 8.442607190924822369e-01 8.300326860219188196e-01 8.233032109209766913e-01 8.244568352239953768e-01 8.244568352239953768e-01 8.327244760622957154e-01 8.327244760622957154e-01 8.606037300519130406e-01 8.759853874254951434e-01
5.462411074793308563e-01 6.600653720438377503e-01 6.596808306094982255e-01 6.191117092866756932e-01 7.521630455681599381e-01 7.535089405883483860e-01 7.438954047298595995e-01 7.979234762545663884e-01 7.396654489521246045e-01 7.719669294366467982e-01 8.023457027494712568e-01 7.783118631032494017e-01 8.567583157085175705e-01 8.667563930013458817e-01 8.667563930013458817e-01 8.548356085368198354e-01 8.369544318400307104e-01 8.358008075370121359e-01 8.469525091328590216e-01 8.323399346279561906e-01 8.323399346279561906e-01
6.198807921553547429e-01 6.631417035185541708e-01 6.477600461449720681e-01 6.985195154777927851e-01 7.279369352047683206e-01 7.848490674870217676e-01 7.537012113055181484e-01 7.119784656796769307e-01 7.473562776389155449e-01 7.492789848106133910e-01 7.538934820226879108e-01 7.846567967698520052e-01 7.846567967698520052e-01 8.242645645068256144e-01 8.136896750624880159e-01 8.308017688905979803e-01 8.642568736781388594e-01 8.567583157085175705e-01 8.567583157085175705e-01 8.557969621226687584e-01 8.477215920015381823e-01
4.062680253797346652e-01 6.890982503364737610e-01 6.764083830032685540e-01 6.662180349932704804e-01 6.558354162661026443e-01 6.402614881753508902e-01 6.792924437608152122e-01 6.556431455489328819e-01 6.271870794078061584e-01 6.241107479330897378e-01 6.237262064987502130e-01 6.237262064987502130e-01 6.235339357815804506e-01 6.231493943472409258e-01 7.064026148817534878e-01 7.092866756393001459e-01 7.644683714670256203e-01 7.644683714670256203e-01 8.346471832339934505e-01 8.346471832339934505e-01 8.229186694866371665e-01
5.696981349740434242e-01 7.133243606998653785e-01 6.848682945587386550e-01 7.756200730628725060e-01 7.242837915785426128e-01 6.927513939626994688e-01 6.273793501249759208e-01 6.950586425687367287e-01 6.998654104979811219e-01 7.458181119015574456e-01 7.727360123053258478e-01 8.177273601230532485e-01 8.038838684868294671e-01 8.073447413958854124e-01 8.073447413958854124e-01 8.083060949817343355e-01 8.083060949817343355e-01 8.346471832339934505e-01 8.358008075370121359e-01 8.450298019611612865e-01 8.679100173043645672e-01
6.350701788117669722e-01 4.560661411267064036e-01 4.283791578542587852e-01 5.700826764083829490e-01 6.871755431647760259e-01 7.440876754470293619e-01 7.717746587194770358e-01 8.392616804460680813e-01 8.488752163045568677e-01 8.538742549509709123e-01 8.577196692943664935e-01 8.582964814458757807e-01 8.550278792539895978e-01 8.502211113247452046e-01 8.584887521630455431e-01 8.588732935973850680e-01 8.531051720822918627e-01 8.744472216881369331e-01 8.898288790617189248e-01 9.202076523745433834e-01 9.155931551624687526e-01
5.514324168429147743e-01 6.783310901749664001e-01 6.581426648721400152e-01 6.423764660642183877e-01 7.417804268409921020e-01 7.710055758507978751e-01 7.377427417804268694e-01 7.217842722553354795e-01 6.458373389732743330e-01 7.323591616996731890e-01 7.902326475677754480e-01 8.296481445875792948e-01 8.521438184964429396e-01 8.338781003653144008e-01 8.375312439915401086e-01 8.409921169005960540e-01 8.577196692943664935e-01 8.381080561430493958e-01 8.473370505671986574e-01 8.450298019611612865e-01 8.673332051528551689e-01
5.945010574889444399e-01 4.602960969044414541e-01 6.029609690444145409e-01 6.904441453566622089e-01 6.875600845991155508e-01 6.869832724476062635e-01 7.679292443760815656e-01 7.848490674870217676e-01 7.856181503557008172e-01 8.002307248606037593e-01 7.827340895981541591e-01 8.308017688905979803e-01 8.459911555470102096e-01 8.731013266679484852e-01 8.657950394154970697e-01 8.650259565468179090e-01 8.625264372236108867e-01 8.854066525668140564e-01 8.950201884253028428e-01 8.942511055566236822e-01 8.942511055566236822e-01
5.612382234185733232e-01 6.173812728321476095e-01 7.237069794270332146e-01 7.588925206691020664e-01 7.415881561238223396e-01 7.552393770428763586e-01 6.592962891751585897e-01 7.233224379926936898e-01 7.329359738511824762e-01 7.615843107094789621e-01 7.652374543357046699e-01 8.607960007690829141e-01 8.602191886175735158e-01 8.577196692943664935e-01 8.584887521630455431e-01 8.233032109209766913e-01 8.302249567390885820e-01 8.146510286483368279e-01 7.856181503557008172e-01 8.169582772543741989e-01 8.138819457796577783e-01
4.820226879446260493e-01 6.942895597000576791e-01 6.833301288213805558e-01 6.714093443568543984e-01 6.600653720438377503e-01 6.206498750240337925e-01 7.187079407806190590e-01 7.140934435685445392e-01 7.446644875985387602e-01 7.225533551240146402e-01 7.567775427802345689e-01 7.562007306287252817e-01 8.331090174966352402e-01 8.421457412036147394e-01 8.421457412036147394e-01 8.411843876177658164e-01 8.413766583349355788e-01 8.544510671024803106e-01 8.542587963853105482e-01 8.742549509709671707e-01 8.742549509709671707e-01
5.556623726206498803e-01 6.452605268217650458e-01 6.325706594885598388e-01 6.264179965391271088e-01 6.608344549125167999e-01 6.554508748317631195e-01 6.446837146702557586e-01 6.962122668717554141e-01 6.766006537204384275e-01 7.158238800230725118e-01 7.150547971543933512e-01 7.686983272447606153e-01 7.975389348202268636e-01 8.383003268602191582e-01 8.404153047490867667e-01 8.404153047490867667e-01 8.484906748702172319e-01 8.484906748702172319e-01 8.529129013651221003e-01 8.529129013651221003e-01 8.817535089405883486e-01
5.716208421457411593e-01 4.724091520861372628e-01 7.458181119015574456e-01 7.283214766391078454e-01 7.256296865987310607e-01 7.206306479523169051e-01 7.886944818304172378e-01 7.969621226687175763e-01 8.288790617189002452e-01 8.256104595270140623e-01 8.254181888098442998e-01 8.238800230724860896e-01 7.660065372043837195e-01 7.940780619111709182e-01 8.052297635070179149e-01 8.221495866179581169e-01 8.221495866179581169e-01 8.334935589309747650e-01 8.534897135166313875e-01 8.873293597385117915e-01 9.080945971928475746e-01
4.226110363391655245e-01 6.216112286098827155e-01 6.012305325898865682e-01 5.216304556815997140e-01 7.006344933666602826e-01 7.281292059219380830e-01 7.219765429725052419e-01 7.104402999423188314e-01 7.769659680830609538e-01 7.692751393962699025e-01 7.610074985579696749e-01 7.906171890021149729e-01 8.246491059411651392e-01 8.265718131128628743e-01 8.244568352239953768e-01 8.371467025572005838e-01 8.369544318400307104e-01 8.259950009613535871e-01 8.204191501634301442e-01 8.494520284560661549e-01 8.527206306479523379e-01
6.021918861757353802e-01 7.060180734474139630e-01 7.052489905787349134e-01 7.012113055181695698e-01 7.340895981542011617e-01 6.566044991347818049e-01 6.785233608921361625e-01 6.548740626802538323e-01 7.073639684676024109e-01 7.102480292251489580e-01 7.067871563160930126e-01 8.481061334358777071e-01 8.481061334358777071e-01 8.975197077485098651e-01 8.950201884253028428e-01 8.948279177081330804e-01 8.925206691020957095e-01 9.002114977888867609e-01 8.848298404153047692e-01 8.802153432032301383e-01 9.021342049605844959e-01
5.008652182272640419e-01 6.587194770236493024e-01 6.423764660642183877e-01 7.400499903864641293e-01 6.927513939626994688e-01 7.617765814266487245e-01 7.383195539319361567e-01 7.338973274370312883e-01 7.429340511440107875e-01 7.563930013458950441e-01 7.213997308209959547e-01 7.029417419726975425e-01 7.017881176696788570e-01 7.575466256489136185e-01 7.863872332243799779e-01 7.863872332243799779e-01 8.015766198807922072e-01 8.015766198807922072e-01 8.011920784464525713e-01 8.152278407998462262e-01 8.152278407998462262e-01
4.970198038838684607e-01 5.889252066910209971e-01 5.971928475293213356e-01 7.448567583157085226e-01 7.019803883868487304e-01 6.796769851951547370e-01 6.940972889828879167e-01 6.906364160738319713e-01 6.442991732359161228e-01 7.452412997500480474e-01 8.161891943856950382e-01 8.333012882138050026e-01 8.308017688905979803e-01 8.306094981734282179e-01 8.158046529513555134e-01 8.246491059411651392e-01 8.394539511632378437e-01 8.394539511632378437e-01 8.392616804460680813e-01 8.400307633147471309e-01 8.529129013651221003e-01
3.903095558546433308e-01 7.023649298211882552e-01 6.804460680638338976e-01 6.656412228417611932e-01 7.031340126898673049e-01 7.037108248413767031e-01 7.000576812151508843e-01 6.873678138819457883e-01 7.200538358008075068e-01 7.212074601038261923e-01 7.863872332243799779e-01 7.844645260526821318e-01 8.075370121130551748e-01 8.546433378196500730e-01 8.842530282637953709e-01 8.861757354354932170e-01 8.869448183041722666e-01 8.869448183041722666e-01 8.625264372236108867e-01 9.130936358392617302e-01 9.130936358392617302e-01
5.673908863680061643e-01 6.312247644683715020e-01 6.223803114785617652e-01 6.187271678523360574e-01 6.562199577004421691e-01 7.892712939819265250e-01 7.688905979619303777e-01 7.736973658911747709e-01 7.750432609113632187e-01 7.988848298404153114e-01 8.265718131128628743e-01 8.419534704864448660e-01 8.707940780619112253e-01 8.746394924053066955e-01 8.573351278600269687e-01 8.567583157085175705e-01 8.559892328398385208e-01 8.538742549509709123e-01 8.661795808498365945e-01 8.661795808498365945e-01 8.661795808498365945e-01
5.654681791963084292e-01 6.792924437608152122e-01 6.579503941549702528e-01 8.234954816381465648e-01 7.636992885983464596e-01 7.575466256489136185e-01 7.652374543357046699e-01 8.040761392039992295e-01 7.985002884060757866e-01 7.788886752547586889e-01 8.015766198807922072e-01 8.244568352239953768e-01 8.261872716785233495e-01 8.192655258604114588e-01 8.600269179004037534e-01 8.594501057488944662e-01 8.652182272639876714e-01 8.652182272639876714e-01 8.609882714862526765e-01 8.513747356277638900e-01 8.477215920015381823e-01
