5.779657758123437628e-01 6.594885598923283521e-01 6.473755047106325433e-01 7.017881176696788570e-01 6.814074216496827097e-01 6.658334935589309556e-01 7.373582003460873446e-01 7.115939242453374058e-01 7.744664487598538205e-01 8.044606806383387543e-01 8.113824264564506450e-01 8.234954816381465648e-01 8.429148240722937890e-01 8.331090174966352402e-01 8.325322053451259530e-01 8.277254374158815597e-01 8.306094981734282179e-01 8.306094981734282179e-01 8.425302826379542642e-01 8.767544702941741930e-01 8.721399730820995622e-01
5.050951740049990368e-01 6.341088252259180491e-01 6.319938473370505516e-01 6.316093059027110268e-01 7.404345318208036542e-01 7.037108248413767031e-01 6.831378581042106823e-01 6.602576427610075127e-01 6.927513939626994688e-01 8.283022495673908470e-01 8.094597192847529099e-01 8.098442607190924347e-01 7.921553547394731831e-01 7.840799846183426070e-01 7.811959238607959488e-01 6.898673332051528106e-01 6.798692559123244994e-01 6.798692559123244994e-01 7.821572774466448719e-01 7.960007690828686533e-01 7.881176696789079505e-01
4.443376273793501197e-01 6.858296481445875781e-01 6.542972505287444340e-01 6.400692174581811278e-01 8.006152662949432841e-01 7.121707363968468041e-01 6.867910017304365011e-01 6.523745433570466989e-01 6.306479523168621037e-01 6.758315708517592668e-01 6.527590847913862238e-01 6.527590847913862238e-01 8.208036915977696690e-01 8.184964429917324091e-01 7.985002884060757866e-01 7.979234762545663884e-01 8.365698904056911855e-01 8.838684868294558461e-01 8.636800615266294612e-01 8.779080945971928784e-01 8.779080945971928784e-01
5.462411074793308563e-01 6.600653720438377503e-01 7.204383772351470316e-01 6.289175158623341311e-01 6.564122284176120425e-01 7.248606037300519001e-01 7.375504710632571070e-01 6.633339742357239333e-01 7.338973274370312883e-01 7.290905595077870061e-01 7.371659296289174712e-01 7.277446644875985582e-01 7.363968467602384216e-01 8.325322053451259530e-01 8.202268794462603818e-01 8.452220726783310489e-01 8.308017688905979803e-01 8.313785810421072675e-01 8.440684483753124745e-01 8.706018073447413519e-01 8.506056527590848404e-01
6.198807921553547429e-01 6.644875985387425077e-01 6.479523168621419416e-01 6.412228417611998132e-01 6.360315323976158952e-01 6.717938857911940342e-01 6.981349740434531492e-01 7.260142280330705855e-01 7.087098634877908587e-01 7.200538358008075068e-01 7.385118246491059191e-01 7.242837915785426128e-01 7.396654489521246045e-01 7.873485868102287899e-01 7.811959238607959488e-01 8.034993270524899422e-01 8.034993270524899422e-01 8.488752163045568677e-01 8.873293597385117915e-01 8.884829840415304769e-01 8.959815420111516548e-01
4.062680253797346652e-01 6.890982503364737610e-01 6.764083830032685540e-01 6.666025764276101162e-01 7.190924822149586948e-01 7.223610844068448777e-01 7.092866756393001459e-01 7.021726591040184928e-01 7.050567198615650399e-01 7.031340126898673049e-01 7.029417419726975425e-01 7.190924822149586948e-01 7.190924822149586948e-01 7.861949625072101044e-01 7.981157469717361508e-01 8.123437800422995680e-01 8.273408959815420349e-01 8.554124206883291226e-01 8.317631224764467923e-01 8.294558738704095324e-01 8.294558738704095324e-01
5.696981349740434242e-01 7.133243606998653785e-01 6.858296481445875781e-01 7.635070178811766972e-01 7.850413382041915300e-01 7.498557969621226782e-01 7.452412997500480474e-01 7.267833109017496351e-01 7.306287252451452163e-01 7.573543549317438561e-01 7.533166698711786236e-01 8.011920784464525713e-01 8.023457027494712568e-01 7.917708133051336583e-01 7.861949625072101044e-01 8.086906364160738603e-01 8.300326860219188196e-01 8.300326860219188196e-01 8.567583157085175705e-01 8.567583157085175705e-01 8.707940780619112253e-01
6.350701788117669722e-01 7.250528744472216625e-01 6.960199961545856517e-01 7.381272832147663943e-01 7.139011728513747768e-01 7.008267640838300450e-01 7.488944433762737551e-01 7.775427802345702410e-01 7.933089790424918686e-01 8.629109786579504116e-01 8.650259565468179090e-01 8.281099788502210846e-01 8.192655258604114588e-01 8.434916362238030763e-01 8.290713324360700076e-01 8.419534704864448660e-01 8.536819842338011499e-01 8.532974427994616251e-01 8.723322437992693246e-01 8.715631609305902749e-01 8.715631609305902749e-01
5.514324168429147743e-01 6.783310901749664001e-01 6.577581234378003794e-01 6.421841953470486253e-01 7.573543549317438561e-01 7.596616035377812270e-01 7.244760622957123752e-01 7.723514708709863230e-01 7.458181119015574456e-01 8.146510286483368279e-01 8.031147856181503064e-01 7.810036531436261864e-01 7.900403768506056856e-01 8.104210728706018330e-01 8.081138242645644620e-01 8.096519900019226723e-01 8.065756585272062518e-01 8.432993655066333138e-01 8.431070947894635514e-01 8.359930782541818983e-01 8.694481830417227775e-01
5.945010574889444399e-01 6.808306094981734224e-01 6.623726206498750102e-01 6.537204383772351468e-01 6.467986925591232561e-01 7.317823495481637908e-01 7.258219573159008231e-01 7.031340126898673049e-01 7.331282445683522386e-01 7.271678523360891599e-01 6.894827917708132858e-01 6.702557200538358240e-01 7.492789848106133910e-01 8.140742164968275407e-01 8.133051336281483801e-01 8.133051336281483801e-01 8.188809844260719339e-01 8.340703710824841632e-01 8.340703710824841632e-01 8.340703710824841632e-01 8.402230340319168933e-01
5.612382234185733232e-01 6.173812728321476095e-01 6.139203999230916642e-01 8.006152662949432841e-01 7.181311286291097717e-01 8.040761392039992295e-01 7.450490290328782850e-01 6.727552393770428463e-01 6.587194770236493024e-01 6.679484714477984530e-01 8.084983656989040979e-01 8.063833878100364894e-01 7.963853105172081781e-01 7.963853105172081781e-01 7.798500288406076120e-01 8.096519900019226723e-01 8.096519900019226723e-01 8.088829071332436227e-01 8.379157854258796334e-01 8.090751778504133851e-01 8.090751778504133851e-01
4.820226879446260493e-01 6.942895597000576791e-01 6.833301288213805558e-01 6.717938857911940342e-01 6.600653720438377503e-01 7.119784656796769307e-01 6.989040569121323099e-01 6.960199961545856517e-01 6.921745818111901816e-01 7.842722553355123694e-01 7.935012497596616310e-01 8.136896750624880159e-01 8.136896750624880159e-01 7.685060565275908528e-01 7.558161891943856459e-01 7.558161891943856459e-01 7.552393770428763586e-01 7.827340895981541591e-01 7.719669294366467982e-01 7.973466641030571012e-01 7.973466641030571012e-01
5.556623726206498803e-01 6.456450682561045706e-01 6.331474716400692371e-01 6.266102672562968712e-01 6.237262064987502130e-01 6.206498750240337925e-01 6.196885214381849805e-01 6.485291290136512288e-01 6.835223995385503182e-01 8.002307248606037593e-01 7.973466641030571012e-01 7.898481061334359232e-01 8.042684099211689919e-01 8.042684099211689919e-01 8.190732551432416964e-01 8.098442607190924347e-01 8.136896750624880159e-01 8.136896750624880159e-01 8.136896750624880159e-01 8.136896750624880159e-01 8.363776196885214231e-01
5.716208421457411593e-01 6.148817535089405872e-01 6.187271678523360574e-01 7.788886752547586889e-01 7.354354931743894985e-01 7.075562391847721733e-01 7.842722553355123694e-01 8.069601999615458876e-01 8.054220342241876773e-01 8.659873101326668321e-01 8.644491443953086218e-01 8.540665256681407858e-01 8.475293212843684199e-01 8.419534704864448660e-01 8.415689290521053412e-01 8.269563545472025101e-01 8.306094981734282179e-01 8.481061334358777071e-01 8.554124206883291226e-01 8.554124206883291226e-01 8.742549509709671707e-01
4.226110363391655245e-01 6.216112286098827155e-01 6.246875600845991361e-01 6.256489136704479481e-01 6.812151509325129473e-01 6.694866371851566633e-01 6.606421841953470375e-01 7.354354931743894985e-01 7.373582003460873446e-01 7.540857527398576732e-01 8.052297635070179149e-01 7.783118631032494017e-01 7.796577581234378496e-01 8.234954816381465648e-01 8.088829071332436227e-01 8.294558738704095324e-01 8.304172274562584555e-01 8.309940396077677427e-01 8.288790617189002452e-01 8.288790617189002452e-01 8.292636031532397700e-01
6.021918861757353802e-01 7.060180734474139630e-01 6.889059796193039986e-01 7.117861949625071682e-01 7.033262834070370673e-01 6.904441453566622089e-01 6.694866371851566633e-01 6.594885598923283521e-01 7.390886368006153173e-01 7.625456642953277742e-01 7.506248798308017278e-01 7.490867140934435175e-01 7.494712555277831534e-01 7.592770621034415912e-01 8.071524706787156500e-01 7.998461834262642345e-01 8.217650451836184811e-01 8.231109402038069289e-01 8.202268794462603818e-01 8.208036915977696690e-01 8.421457412036147394e-01
5.008652182272640419e-01 6.587194770236493024e-01 6.423764660642183877e-01 6.350701788117669722e-01 6.298788694481830541e-01 6.266102672562968712e-01 6.779465487406267643e-01 6.752547587002499796e-01 6.731397808113823711e-01 6.739088636800615317e-01 6.842914824072293678e-01 7.315900788309940284e-01 7.523553162853297005e-01 7.527398577196693363e-01 7.525475870024995739e-01 7.842722553355123694e-01 7.925398961738127079e-01 7.961930398000384157e-01 8.234954816381465648e-01 8.231109402038069289e-01 8.231109402038069289e-01
4.970198038838684607e-01 5.889252066910209971e-01 5.971928475293213356e-01 6.639107863872332205e-01 6.833301288213805558e-01 7.079407806191116981e-01 7.185156700634492966e-01 7.375504710632571070e-01 7.450490290328782850e-01 7.438954047298595995e-01 7.321668909825033156e-01 7.667756200730628802e-01 7.921553547394731831e-01 7.931167083253221062e-01 8.225341280522976417e-01 8.181119015573927733e-01 8.183041722745625357e-01 8.183041722745625357e-01 8.017688905979619696e-01 8.029225149009805440e-01 8.031147856181503064e-01
3.903095558546433308e-01 7.023649298211882552e-01 6.806383387810036600e-01 6.656412228417611932e-01 6.542972505287444340e-01 6.417996539127091005e-01 6.819842338011921079e-01 6.698711786194962992e-01 6.498750240338396766e-01 6.479523168621419416e-01 6.464141511247837313e-01 7.442799461641992353e-01 8.217650451836184811e-01 8.269563545472025101e-01 8.177273601230532485e-01 8.177273601230532485e-01 8.177273601230532485e-01 8.233032109209766913e-01 8.233032109209766913e-01 8.233032109209766913e-01 8.167660065372044365e-01
5.673908863680061643e-01 6.312247644683715020e-01 6.223803114785617652e-01 6.194962507210152181e-01 6.175735435493174830e-01 6.637185156700634581e-01 6.587194770236493024e-01 6.546817919630840699e-01 6.971736204576043372e-01 7.352432224572197361e-01 7.244760622957123752e-01 7.158238800230725118e-01 8.306094981734282179e-01 8.350317246683329753e-01 8.436839069409728387e-01 8.423380119207845018e-01 8.423380119207845018e-01 8.296481445875792948e-01 8.106133435877715954e-01 8.106133435877715954e-01 8.079215535473946996e-01
5.654681791963084292e-01 6.792924437608152122e-01 6.579503941549702528e-01 8.479138627187079447e-01 8.002307248606037593e-01 7.317823495481637908e-01 6.569890405691213298e-01 6.464141511247837313e-01 6.394924053066718406e-01 7.669678907902326426e-01 7.940780619111709182e-01 7.735050951740050085e-01 7.700442222649490631e-01 8.190732551432416964e-01 8.186887137089021715e-01 8.490674870217266301e-01 8.415689290521053412e-01 8.609882714862526765e-01 8.671409344356854065e-01 8.677177465871948048e-01 8.736781388194577724e-01
