4.900980580657565699e-01 6.123822341857335649e-01 6.227648529129014010e-01 6.085368198423379837e-01 5.821957315900788688e-01 6.425687367813881501e-01 6.754470294174197420e-01 7.265910401845798727e-01 7.525475870024995739e-01 7.852336089213612924e-01 7.581234378004230168e-01 7.758123437800422684e-01 8.150355700826764638e-01 7.985002884060757866e-01 8.448375312439915241e-01 8.113824264564506450e-01 8.381080561430493958e-01 8.482984041530474695e-01 8.390694097288983189e-01 8.331090174966352402e-01 8.306094981734282179e-01
4.789463564699096287e-01 5.889252066910209971e-01 5.912324552970582570e-01 6.275716208421457942e-01 7.694674101134397759e-01 6.791001730436454498e-01 7.269755816189193975e-01 6.964045375889251765e-01 8.025379734666410192e-01 8.521438184964429396e-01 8.298404153047490572e-01 8.413766583349355788e-01 8.350317246683329753e-01 8.663718515670063569e-01 8.615650836377619637e-01 8.679100173043645672e-01 8.659873101326668321e-01 8.877139011728514273e-01 8.848298404153047692e-01 8.717554316477600374e-01 8.459911555470102096e-01
4.812536050759469441e-01 6.556431455489328819e-01 6.906364160738319713e-01 6.439146318015765980e-01 6.496827533166699142e-01 6.512209190540281245e-01 6.610267256296865623e-01 6.971736204576043372e-01 7.496635262449529158e-01 7.419726975581618644e-01 8.629109786579504116e-01 8.436839069409728387e-01 8.400307633147471309e-01 8.438761776581427121e-01 8.717554316477600374e-01 8.648336858296481466e-01 8.604114593347432782e-01 8.598346471832339910e-01 8.675254758700250424e-01 8.713708902134205125e-01 8.731013266679484852e-01
4.845222072678331271e-01 5.933474331859257545e-01 6.239184772159199754e-01 6.266102672562968712e-01 5.925783503172467048e-01 7.123630071140165665e-01 6.883291674677946004e-01 7.114016535281676434e-01 7.573543549317438561e-01 7.404345318208036542e-01 7.144779850028840640e-01 7.375504710632571070e-01 7.300519130936358181e-01 7.654297250528744323e-01 8.671409344356854065e-01 8.579119400115362559e-01 8.463756969813497344e-01 8.771390117285137178e-01 8.698327244760623023e-01 8.494520284560661549e-01 8.584887521630455431e-01
5.137473562776389002e-01 7.767736973658911914e-01 7.102480292251489580e-01 6.614112670640261982e-01 6.658334935589309556e-01 6.962122668717554141e-01 7.333205152855220010e-01 7.283214766391078454e-01 7.467794654874062577e-01 7.019803883868487304e-01 7.046721784272255151e-01 6.944818304172274415e-01 7.606229571236300391e-01 7.642761007498557468e-01 7.894635646990962874e-01 8.215727744664487187e-01 8.540665256681407858e-01 8.484906748702172319e-01 8.488752163045568677e-01 8.598346471832339910e-01 8.665641222841761193e-01
4.345318208036915708e-01 7.890790232647567626e-01 7.523553162853297005e-01 7.694674101134397759e-01 6.940972889828879167e-01 7.081330513362814605e-01 7.160161507402422743e-01 7.117861949625071682e-01 6.994808690636415971e-01 7.046721784272255151e-01 7.079407806191116981e-01 7.096712170736396708e-01 6.937127475485483918e-01 7.340895981542011617e-01 7.710055758507978751e-01 8.040761392039992295e-01 8.246491059411651392e-01 8.054220342241876773e-01 8.273408959815420349e-01 8.365698904056911855e-01 8.186887137089021715e-01
5.760430686406460277e-01 5.668140742164968771e-01 6.033455104787540657e-01 7.471640069217457825e-01 7.402422611036338918e-01 8.027302441838107816e-01 7.623533935781580118e-01 7.587002499519323040e-01 7.437031340126898371e-01 8.221495866179581169e-01 7.719669294366467982e-01 7.871563160930590275e-01 7.944626033455104430e-01 7.596616035377812270e-01 8.559892328398385208e-01 8.604114593347432782e-01 8.552201499711593602e-01 8.796385310517208511e-01 8.798308017688906135e-01 8.611805422034224389e-01 8.811766967890790614e-01
6.000769082868678828e-01 8.409921169005960540e-01 6.931359353970389936e-01 7.602384156892905143e-01 7.821572774466448719e-01 7.069794270332628860e-01 7.881176696789079505e-01 7.860026917900403420e-01 8.448375312439915241e-01 8.471447798500288950e-01 8.269563545472025101e-01 8.440684483753124745e-01 8.427225533551240266e-01 8.286867910017304828e-01 8.269563545472025101e-01 8.665641222841761193e-01 8.688713708902133792e-01 8.725245145164391980e-01 8.748317631224764579e-01 8.873293597385117915e-01 8.804076139203999007e-01
5.293212843683906543e-01 4.874062680253797297e-01 5.873870409536627868e-01 6.544895212459141964e-01 7.040953662757162279e-01 6.604499134781772751e-01 6.867910017304365011e-01 6.471832339934627809e-01 7.075562391847721733e-01 6.754470294174197420e-01 6.973658911747740996e-01 6.752547587002499796e-01 7.563930013458950441e-01 7.894635646990962874e-01 7.881176696789079505e-01 8.133051336281483801e-01 7.896558354162660498e-01 7.858104210728705796e-01 8.071524706787156500e-01 7.910017304364544977e-01 8.233032109209766913e-01
5.195154777927322165e-01 7.363968467602384216e-01 6.444914439530859962e-01 8.144587579311670655e-01 7.150547971543933512e-01 6.890982503364737610e-01 7.638915593155162220e-01 7.871563160930590275e-01 8.319553931936166657e-01 8.267640838300326367e-01 8.379157854258796334e-01 8.431070947894635514e-01 8.267640838300326367e-01 8.531051720822918627e-01 8.442607190924822369e-01 8.863680061526629794e-01 8.961738127283215283e-01 8.898288790617189248e-01 8.854066525668140564e-01 8.855989232839838188e-01 8.688713708902133792e-01
4.943280138434916204e-01 6.062295712363007238e-01 6.508363776196884887e-01 6.764083830032685540e-01 6.846760238415688926e-01 6.368006152662949448e-01 7.275523937704287958e-01 7.287060180734473702e-01 7.265910401845798727e-01 7.287060180734473702e-01 7.854258796385310548e-01 8.188809844260719339e-01 8.419534704864448660e-01 8.288790617189002452e-01 8.563737742741780457e-01 8.461834262641799720e-01 8.275331666987117973e-01 8.598346471832339910e-01 8.481061334358777071e-01 8.588732935973850680e-01 8.463756969813497344e-01
5.006729475100941684e-01 6.191117092866756932e-01 6.846760238415688926e-01 7.346664103057104489e-01 6.894827917708132858e-01 7.365891174774081840e-01 7.565852720630648065e-01 7.292828302249567685e-01 7.304364545279753429e-01 7.412036146894828148e-01 7.283214766391078454e-01 8.088829071332436227e-01 8.121515093251298056e-01 8.244568352239953768e-01 8.557969621226687584e-01 8.488752163045568677e-01 8.648336858296481466e-01 8.588732935973850680e-01 8.638723322437992236e-01 8.621418957892712509e-01 8.827148625264372717e-01
5.670063449336666395e-01 5.156700634493366353e-01 6.802537973466641352e-01 7.125552778311863289e-01 7.117861949625071682e-01 6.908286867910017337e-01 7.352432224572197361e-01 7.617765814266487245e-01 8.519515477792731772e-01 8.161891943856950382e-01 8.309940396077677427e-01 7.842722553355123694e-01 8.552201499711593602e-01 8.663718515670063569e-01 8.588732935973850680e-01 8.415689290521053412e-01 8.369544318400307104e-01 8.550278792539895978e-01 8.721399730820995622e-01 8.640646029609690970e-01 8.446452605268217617e-01
5.920015381657373066e-01 5.089405883483945070e-01 6.006537204383772810e-01 5.758507979234762653e-01 6.210344164583734283e-01 6.391078638723322047e-01 6.429532782157277859e-01 6.752547587002499796e-01 7.406268025379734166e-01 7.521630455681599381e-01 7.860026917900403420e-01 8.004229955777735217e-01 7.990771005575850738e-01 7.940780619111709182e-01 7.917708133051336583e-01 8.161891943856950382e-01 8.421457412036147394e-01 8.509901941934243652e-01 8.161891943856950382e-01 8.327244760622957154e-01 8.342626417996539256e-01
3.731974620265333664e-01 5.854643337819650517e-01 6.431455489328975483e-01 6.754470294174197420e-01 6.860219188617573405e-01 6.927513939626994688e-01 7.046721784272255151e-01 7.094789463564699084e-01 7.044799077100557527e-01 7.437031340126898371e-01 7.856181503557008172e-01 8.113824264564506450e-01 7.852336089213612924e-01 8.217650451836184811e-01 8.557969621226687584e-01 8.344549125168236881e-01 8.432993655066333138e-01 8.452220726783310489e-01 8.367621611228609479e-01 8.488752163045568677e-01 8.313785810421072675e-01
6.462218804076139689e-01 8.027302441838107816e-01 7.860026917900403420e-01 7.494712555277831534e-01 8.429148240722937890e-01 8.390694097288983189e-01 8.075370121130551748e-01 8.456066141126706848e-01 8.352239953855027377e-01 8.421457412036147394e-01 7.731205537396654837e-01 7.648529129013651451e-01 8.736781388194577724e-01 8.707940780619112253e-01 8.788694481830416905e-01 8.586810228802153055e-01 8.161891943856950382e-01 8.306094981734282179e-01 8.604114593347432782e-01 8.552201499711593602e-01 8.598346471832339910e-01
5.333589694289559979e-01 7.638915593155162220e-01 7.500480676792924406e-01 7.490867140934435175e-01 6.781388194577965267e-01 6.460296096904440954e-01 6.894827917708132858e-01 6.887137089021342362e-01 6.979427033262833868e-01 7.287060180734473702e-01 6.904441453566622089e-01 7.971543933858873388e-01 7.485099019419342303e-01 7.819650067294751095e-01 7.698519515477793007e-01 7.829263603153239215e-01 7.983080176889060242e-01 8.008075370121130465e-01 8.215727744664487187e-01 8.288790617189002452e-01 8.129205921938088553e-01
4.962507210151894110e-01 5.779657758123437628e-01 5.779657758123437628e-01 5.837338973274370790e-01 6.754470294174197420e-01 6.477600461449720681e-01 6.748702172659104548e-01 6.981349740434531492e-01 7.142857142857143016e-01 7.548548356085368338e-01 7.702364929821188255e-01 7.521630455681599381e-01 7.735050951740050085e-01 8.169582772543741989e-01 8.102288021534320706e-01 8.156123822341857510e-01 8.240722937896558520e-01 8.306094981734282179e-01 8.661795808498365945e-01 8.388771390117285565e-01 8.559892328398385208e-01
4.781772736012305236e-01 7.225533551240146402e-01 7.262064987502403479e-01 7.394731782349548421e-01 7.423572389925013892e-01 7.069794270332628860e-01 6.867910017304365011e-01 6.814074216496827097e-01 6.794847144779849746e-01 7.012113055181695698e-01 7.433185925783503123e-01 7.611997692751394373e-01 7.640838300326859844e-01 7.971543933858873388e-01 8.002307248606037593e-01 8.438761776581427121e-01 8.606037300519130406e-01 8.625264372236108867e-01 8.659873101326668321e-01 8.842530282637953709e-01 9.059796193039799661e-01
6.079600076908286965e-01 5.256681407421649466e-01 6.781388194577965267e-01 6.664103057104403538e-01 7.369736589117477088e-01 7.704287636992885879e-01 7.692751393962699025e-01 7.352432224572197361e-01 7.615843107094789621e-01 7.715823880023072734e-01 7.525475870024995739e-01 7.423572389925013892e-01 7.562007306287252817e-01 8.000384541434339969e-01 8.184964429917324091e-01 7.973466641030571012e-01 8.446452605268217617e-01 8.383003268602191582e-01 8.394539511632378437e-01 8.304172274562584555e-01 8.361853489713516607e-01
4.922130359546241229e-01 6.137281292059219018e-01 6.881368967506248380e-01 6.977504326091136244e-01 6.960199961545856517e-01 7.152470678715631136e-01 7.550471063257065962e-01 7.898481061334359232e-01 7.900403768506056856e-01 7.752355316285329812e-01 7.352432224572197361e-01 7.067871563160930126e-01 6.871755431647760259e-01 8.100365314362623081e-01 8.279177081330513222e-01 8.596423764660642286e-01 8.602191886175735158e-01 8.652182272639876714e-01 8.452220726783310489e-01 8.356085368198423735e-01 8.625264372236108867e-01
