5.779657758123437628e-01 7.071716977504326485e-01 6.542972505287444340e-01 6.458373389732743330e-01 7.390886368006153173e-01 7.471640069217457825e-01 7.600461449721207519e-01 7.692751393962699025e-01 7.783118631032494017e-01 8.029225149009805440e-01 8.048452220726782791e-01 8.267640838300326367e-01 7.808113824264564240e-01 7.767736973658911914e-01 7.852336089213612924e-01 7.681215150932513280e-01 7.698519515477793007e-01 8.179196308402230109e-01 8.461834262641799720e-01 8.838684868294558461e-01 8.784849067487021657e-01
5.050951740049990368e-01 6.366083445491251824e-01 6.318015766198807892e-01 6.308402230340318662e-01 6.308402230340318662e-01 6.169967313978080847e-01 6.150740242261103496e-01 6.452605268217650458e-01 6.375696981349739945e-01 7.125552778311863289e-01 8.388771390117285565e-01 8.169582772543741989e-01 7.875408575273985523e-01 8.269563545472025101e-01 7.929244376081522327e-01 7.842722553355123694e-01 7.171697750432609597e-01 8.311863103249375051e-01 8.607960007690829141e-01 8.342626417996539256e-01 8.569505864256873329e-01
4.443376273793501197e-01 7.037108248413767031e-01 6.844837531243991302e-01 6.542972505287444340e-01 6.400692174581811278e-01 7.381272832147663943e-01 7.460103826187272080e-01 7.602384156892905143e-01 7.233224379926936898e-01 7.506248798308017278e-01 7.781195923860796393e-01 7.998461834262642345e-01 8.227263987694674041e-01 8.283022495673908470e-01 8.325322053451259530e-01 8.325322053451259530e-01 8.880984426071909521e-01 8.465679676985194968e-01 8.417611997692751036e-01 8.177273601230532485e-01 7.821572774466448719e-01
5.462411074793308563e-01 6.544895212459141964e-01 6.606421841953470375e-01 6.423764660642183877e-01 6.383387810036531551e-01 6.614112670640261982e-01 6.854451067102480533e-01 6.858296481445875781e-01 7.083253220534512229e-01 7.331282445683522386e-01 7.885022111132474754e-01 8.279177081330513222e-01 8.184964429917324091e-01 8.177273601230532485e-01 8.206114208805999066e-01 8.023457027494712568e-01 8.427225533551240266e-01 8.363776196885214231e-01 8.115746971736204074e-01 8.308017688905979803e-01 7.904249182849452104e-01
6.198807921553547429e-01 7.164006921745817991e-01 6.548740626802538323e-01 6.437223610844068356e-01 6.958277254374158893e-01 6.723706979427033215e-01 6.654489521245914307e-01 7.438954047298595995e-01 7.258219573159008231e-01 7.142857142857143016e-01 8.021534320323014944e-01 7.856181503557008172e-01 8.127283214766390929e-01 8.115746971736204074e-01 8.229186694866371665e-01 8.506056527590848404e-01 8.590655643145549414e-01 8.611805422034224389e-01 8.425302826379542642e-01 8.454143433955008113e-01 8.411843876177658164e-01
4.062680253797346652e-01 7.135166314170351409e-01 6.885214381849644738e-01 6.758315708517592668e-01 6.648721399730821435e-01 7.665833493558931178e-01 7.535089405883483860e-01 7.187079407806190590e-01 7.135166314170351409e-01 7.450490290328782850e-01 7.331282445683522386e-01 7.983080176889060242e-01 7.858104210728705796e-01 8.165737358200345630e-01 8.634877908094596988e-01 8.557969621226687584e-01 8.525283599307825755e-01 8.452220726783310489e-01 8.209959623149394314e-01 8.034993270524899422e-01 7.802345702749471368e-01
5.696981349740434242e-01 7.210151893866564299e-01 6.992885983464718347e-01 6.804460680638338976e-01 7.077485099019419357e-01 6.912132282253412585e-01 6.675639300134589282e-01 6.539127090944049092e-01 6.767929244376081899e-01 7.544702941741973090e-01 7.646606421841953827e-01 7.661988079215535929e-01 8.150355700826764638e-01 7.888867525475870002e-01 8.013843491636223337e-01 7.823495481638146343e-01 7.746587194770236939e-01 8.034993270524899422e-01 8.084983656989040979e-01 8.059988463756969646e-01 7.967698519515478139e-01
6.350701788117669722e-01 7.533166698711786236e-01 7.135166314170351409e-01 6.902518746394924465e-01 7.279369352047683206e-01 7.187079407806190590e-01 7.575466256489136185e-01 7.610074985579696749e-01 7.631224764468371724e-01 7.835031724668333197e-01 7.642761007498557468e-01 7.538934820226879108e-01 8.002307248606037593e-01 7.888867525475870002e-01 8.288790617189002452e-01 8.319553931936166657e-01 8.334935589309747650e-01 8.050374927898481525e-01 7.981157469717361508e-01 7.819650067294751095e-01 7.256296865987310607e-01
5.514324168429147743e-01 7.035185541242068297e-01 6.704479907710055864e-01 6.525668140742164613e-01 6.381465102864833927e-01 7.690828686791001401e-01 7.994616419919245986e-01 7.931167083253221062e-01 8.096519900019226723e-01 8.296481445875792948e-01 8.473370505671986574e-01 8.569505864256873329e-01 8.796385310517208511e-01 8.738704095366275348e-01 8.586810228802153055e-01 8.786771774658719281e-01 8.588732935973850680e-01 8.238800230724860896e-01 8.177273601230532485e-01 8.140742164968275407e-01 8.008075370121130465e-01
5.945010574889444399e-01 7.142857142857143016e-01 6.719861565083637966e-01 6.591040184579888273e-01 6.506441069025187263e-01 7.165929628917515615e-01 7.200538358008075068e-01 7.256296865987310607e-01 7.317823495481637908e-01 7.525475870024995739e-01 7.642761007498557468e-01 7.844645260526821318e-01 8.163814651028648006e-01 8.465679676985194968e-01 8.557969621226687584e-01 8.669486637185156441e-01 8.592578350317247038e-01 8.594501057488944662e-01 8.734858681022880100e-01 8.594501057488944662e-01 8.088829071332436227e-01
5.612382234185733232e-01 6.294943280138435293e-01 6.156508363776196369e-01 6.131513170544126146e-01 7.754278023457027436e-01 7.548548356085368338e-01 7.919630840223034207e-01 7.811959238607959488e-01 7.444722168813689978e-01 8.238800230724860896e-01 8.131128629109786177e-01 8.309940396077677427e-01 7.856181503557008172e-01 7.836954431840030821e-01 8.215727744664487187e-01 8.581042107287060183e-01 8.632955200922899364e-01 8.471447798500288950e-01 8.338781003653144008e-01 8.657950394154970697e-01 8.438761776581427121e-01
4.820226879446260493e-01 3.849259757738896504e-01 4.676023841568929251e-01 5.308594501057488646e-01 7.327437031340127138e-01 7.365891174774081840e-01 7.037108248413767031e-01 6.812151509325129473e-01 8.111901557392808826e-01 8.069601999615458876e-01 7.892712939819265250e-01 8.046529513555085167e-01 8.340703710824841632e-01 8.452220726783310489e-01 7.973466641030571012e-01 7.413958854066525772e-01 8.375312439915401086e-01 7.875408575273985523e-01 8.402230340319168933e-01 8.446452605268217617e-01 8.406075754662565291e-01
5.556623726206498803e-01 6.683330128821380889e-01 6.448759853874255210e-01 6.331474716400692371e-01 6.266102672562968712e-01 6.150740242261103496e-01 6.837146702557200806e-01 6.877523553162853132e-01 6.902518746394924465e-01 7.223610844068448777e-01 7.994616419919245986e-01 8.240722937896558520e-01 8.256104595270140623e-01 8.369544318400307104e-01 8.177273601230532485e-01 8.113824264564506450e-01 8.179196308402230109e-01 8.144587579311670655e-01 8.306094981734282179e-01 8.542587963853105482e-01 8.394539511632378437e-01
5.716208421457411593e-01 6.075754662564891717e-01 6.164199192462987975e-01 6.187271678523360574e-01 7.427417804268410251e-01 6.956354547202461269e-01 6.583349355893097776e-01 6.531436262257258596e-01 6.500672947510094390e-01 7.167852336089213239e-01 7.590847913862718288e-01 7.517785041338204133e-01 8.006152662949432841e-01 8.233032109209766913e-01 8.352239953855027377e-01 8.463756969813497344e-01 8.373389732743703462e-01 8.450298019611612865e-01 8.284945202845606094e-01 8.140742164968275407e-01 8.077292828302249372e-01
4.226110363391655245e-01 3.849259757738896504e-01 7.635070178811766972e-01 7.394731782349548421e-01 6.500672947510094390e-01 6.287252451451643687e-01 8.421457412036147394e-01 8.108056143049413578e-01 8.373389732743703462e-01 8.248413766583349016e-01 8.267640838300326367e-01 7.906171890021149729e-01 8.004229955777735217e-01 7.723514708709863230e-01 7.513939626994808885e-01 7.994616419919245986e-01 8.575273985771967311e-01 8.613728129205922013e-01 8.863680061526629794e-01 8.802153432032301383e-01 8.736781388194577724e-01
6.021918861757353802e-01 7.483176312247644679e-01 6.946741011343972039e-01 7.415881561238223396e-01 7.540857527398576732e-01 7.292828302249567685e-01 7.089021342049606211e-01 6.973658911747740996e-01 8.367621611228609479e-01 8.350317246683329753e-01 8.248413766583349016e-01 7.985002884060757866e-01 7.704287636992885879e-01 7.244760622957123752e-01 7.521630455681599381e-01 8.002307248606037593e-01 8.179196308402230109e-01 8.306094981734282179e-01 8.215727744664487187e-01 8.519515477792731772e-01 8.506056527590848404e-01
5.008652182272640419e-01 7.031340126898673049e-01 6.533358969428956220e-01 6.417996539127091005e-01 6.348779080945972098e-01 7.633147471640069348e-01 7.556239184772158834e-01 7.246683330128821376e-01 7.229378965583541650e-01 7.567775427802345689e-01 7.767736973658911914e-01 7.723514708709863230e-01 7.650451836185349075e-01 8.009998077292828089e-01 8.083060949817343355e-01 8.108056143049413578e-01 7.940780619111709182e-01 7.711978465679677486e-01 7.661988079215535929e-01 7.450490290328782850e-01 8.013843491636223337e-01
4.970198038838684607e-01 5.775812343780042379e-01 5.914247260142280194e-01 5.989232839838493083e-01 6.990963276293020723e-01 7.375504710632571070e-01 7.396654489521246045e-01 7.304364545279753429e-01 7.342818688713709241e-01 7.338973274370312883e-01 7.875408575273985523e-01 7.554316477600461210e-01 7.796577581234378496e-01 7.775427802345702410e-01 7.963853105172081781e-01 8.194577965775812212e-01 7.977312055373966260e-01 8.036915977696597047e-01 7.427417804268410251e-01 7.187079407806190590e-01 7.400499903864641293e-01
3.903095558546433308e-01 7.275523937704287958e-01 6.969813497404345748e-01 6.775620073062872395e-01 6.639107863872332205e-01 7.402422611036338918e-01 7.458181119015574456e-01 7.238992501442030880e-01 7.592770621034415912e-01 7.888867525475870002e-01 8.027302441838107816e-01 7.927321668909824703e-01 7.979234762545663884e-01 8.359930782541818983e-01 8.448375312439915241e-01 8.465679676985194968e-01 8.294558738704095324e-01 8.623341665064411243e-01 8.648336858296481466e-01 8.636800615266294612e-01 8.381080561430493958e-01
5.673908863680061643e-01 6.642953278215727453e-01 6.308402230340318662e-01 6.223803114785617652e-01 6.575658527206306170e-01 6.502595654681792015e-01 6.479523168621419416e-01 7.744664487598538205e-01 8.306094981734282179e-01 8.273408959815420349e-01 8.242645645068256144e-01 8.206114208805999066e-01 8.413766583349355788e-01 8.323399346279561906e-01 8.077292828302249372e-01 8.302249567390885820e-01 8.338781003653144008e-01 7.931167083253221062e-01 7.771582388002307162e-01 7.658142664872139571e-01 7.667756200730628802e-01
5.654681791963084292e-01 7.117861949625071682e-01 6.714093443568543984e-01 6.537204383772351468e-01 8.348394539511632129e-01 7.879253989617380771e-01 7.271678523360891599e-01 6.948663718515669663e-01 6.454527975389348082e-01 7.752355316285329812e-01 7.992693712747548362e-01 7.986925591232455490e-01 7.854258796385310548e-01 8.204191501634301442e-01 8.521438184964429396e-01 8.609882714862526765e-01 8.673332051528551689e-01 8.781003653143626408e-01 8.850221111324745316e-01 8.669486637185156441e-01 8.650259565468179090e-01
