5.637377427417804565e-01 5.816189194385694705e-01 6.083445491251682213e-01 5.889252066910209971e-01 5.918092674485675442e-01 5.852720630647951783e-01 5.810421072870601833e-01 5.846952509132858911e-01 5.873870409536627868e-01 5.889252066910209971e-01 5.898865602768698091e-01 5.920015381657373066e-01 5.939242453374351527e-01 5.964237646606421750e-01 5.995000961353585955e-01 5.979619303980003853e-01 6.098827148625264316e-01 6.271870794078061584e-01 6.990963276293020723e-01 5.858488752163045765e-01 5.841184387617766038e-01
4.445298980965198821e-01 4.908671409344356751e-01 5.652759084791386668e-01 5.302826379542395774e-01 6.664103057104403538e-01 6.875600845991155508e-01 7.094789463564699084e-01 7.025572005383580176e-01 6.833301288213805558e-01 6.925591232455297064e-01 6.865987310132666277e-01 6.854451067102480533e-01 6.854451067102480533e-01 6.890982503364737610e-01 6.877523553162853132e-01 6.879446260334550756e-01 6.867910017304365011e-01 6.894827917708132858e-01 6.917900403768506568e-01 6.917900403768506568e-01 6.881368967506248380e-01
4.454912516823687496e-01 4.445298980965198821e-01 4.420303787733128043e-01 4.441453566621803573e-01 4.429917323591617273e-01 4.449144395308594624e-01 4.418381080561430418e-01 4.422226494904826222e-01 4.414535666218035170e-01 4.414535666218035170e-01 4.410690251874639367e-01 4.414535666218035170e-01 4.410690251874639367e-01 4.416458373389732794e-01 4.420303787733128043e-01 4.414535666218035170e-01 4.418381080561430418e-01 4.422226494904826222e-01 4.433762737935012521e-01 4.427994616419919094e-01 4.433762737935012521e-01
5.466256489136704921e-01 6.414151124783695757e-01 5.962314939434724126e-01 5.658527206306479540e-01 6.218034993270524780e-01 6.323783887713900764e-01 6.400692174581811278e-01 6.396846760238416030e-01 6.408383003268601774e-01 6.504518361853489639e-01 6.629494328013842974e-01 6.623726206498750102e-01 6.858296481445875781e-01 6.677562007306286906e-01 6.731397808113823711e-01 6.865987310132666277e-01 6.815996923668525831e-01 7.404345318208036542e-01 6.906364160738319713e-01 6.823687752355316327e-01 6.927513939626994688e-01
6.064218419534704863e-01 5.487406268025379896e-01 5.641222841761199813e-01 5.270140357623533944e-01 5.677754278023456891e-01 5.573928090751778530e-01 5.572005383580080906e-01 5.485483560853682272e-01 6.314170351855412644e-01 5.929628917515862296e-01 6.002691790040376452e-01 6.046914054989425136e-01 6.085368198423379837e-01 6.237262064987502130e-01 6.106517977312055923e-01 6.081522784079984589e-01 6.152662949432801121e-01 6.266102672562968712e-01 6.346856373774274473e-01 6.662180349932704804e-01 6.783310901749664001e-01
3.851182464910594128e-01 5.004806767929244060e-01 4.385695058642568589e-01 4.406844837531244119e-01 4.404922130359546495e-01 3.849259757738896504e-01 3.849259757738896504e-01 3.849259757738896504e-01 3.856950586425687555e-01 3.849259757738896504e-01 3.874254950970967282e-01 3.860796000769082803e-01 3.960776773697365916e-01 4.276100749855796801e-01 4.952893674293404880e-01 5.525860411459334598e-01 5.689290521053643745e-01 6.054604883676215632e-01 6.346856373774274473e-01 6.452605268217650458e-01 6.633339742357239333e-01
5.572005383580080906e-01 5.956546817919631254e-01 6.341088252259180491e-01 6.429532782157277859e-01 6.394924053066718406e-01 6.410305710440299398e-01 6.419919246298788629e-01 6.431455489328975483e-01 6.429532782157277859e-01 6.431455489328975483e-01 6.433378196500673107e-01 6.431455489328975483e-01 6.433378196500673107e-01 6.439146318015765980e-01 6.427610074985580235e-01 6.431455489328975483e-01 6.431455489328975483e-01 6.437223610844068356e-01 6.431455489328975483e-01 6.433378196500673107e-01 6.433378196500673107e-01
6.350701788117669722e-01 4.699096327629301850e-01 5.233608921361276867e-01 5.600845991155547487e-01 5.696981349740434242e-01 5.577773505095173778e-01 5.500865218227264375e-01 5.673908863680061643e-01 5.691213228225341370e-01 5.623918477215920086e-01 5.789271293981926858e-01 5.748894443376273422e-01 5.775812343780042379e-01 5.814266487213997081e-01 5.796962122668717354e-01 5.812343780042299457e-01 5.762353393578157901e-01 5.775812343780042379e-01 5.806575658527206585e-01 5.950778696404537271e-01 5.795039415497019730e-01
5.510478754085752495e-01 4.726014228033070808e-01 5.141318977119784250e-01 6.191117092866756932e-01 6.281484329936550814e-01 6.337242837915785243e-01 6.331474716400692371e-01 6.356469909632762594e-01 6.400692174581811278e-01 6.369928859834647072e-01 6.373774274178042321e-01 6.368006152662949448e-01 6.381465102864833927e-01 6.400692174581811278e-01 6.369928859834647072e-01 6.393001345895019671e-01 6.387233224379926799e-01 6.460296096904440954e-01 6.802537973466641352e-01 7.425495097096712627e-01 6.423764660642183877e-01
5.933474331859257545e-01 5.998846375696981204e-01 6.029609690444145409e-01 6.077677369736589341e-01 6.027686983272447785e-01 6.046914054989425136e-01 6.087290905595077461e-01 6.081522784079984589e-01 6.121899634685636915e-01 6.137281292059219018e-01 6.110363391655451171e-01 6.102672562968659564e-01 6.102672562968659564e-01 6.110363391655451171e-01 6.135358584887521394e-01 6.154585656604498745e-01 6.146894827917708248e-01 6.248798308017688985e-01 6.366083445491251824e-01 6.341088252259180491e-01 5.993078254181888331e-01
5.612382234185733232e-01 5.452797538934820443e-01 5.621995770044222462e-01 5.754662564891367404e-01 5.598923283983848753e-01 5.808498365698904209e-01 6.369928859834647072e-01 7.365891174774081840e-01 6.423764660642183877e-01 6.560276869832724067e-01 6.383387810036531551e-01 6.404537588925206526e-01 6.556431455489328819e-01 6.421841953470486253e-01 6.469909632762930185e-01 6.421841953470486253e-01 6.421841953470486253e-01 6.477600461449720681e-01 6.477600461449720681e-01 6.504518361853489639e-01 6.368006152662949448e-01
4.822149586617958117e-01 5.491251682368775144e-01 5.314362622572582628e-01 5.781580465295135252e-01 5.720053835800807951e-01 6.033455104787540657e-01 5.854643337819650517e-01 6.371851567006344697e-01 5.825802730244183936e-01 5.497019803883868017e-01 5.143241684291481874e-01 5.629686598731012959e-01 5.745049029032878174e-01 6.139203999230916642e-01 6.289175158623341311e-01 6.346856373774274473e-01 6.421841953470486253e-01 6.198807921553547429e-01 6.091136319938473820e-01 6.275716208421457942e-01 6.393001345895019671e-01
3.935781580465295137e-01 3.758892520669102066e-01 3.708902134204960510e-01 3.762737935012497870e-01 3.760815227840799690e-01 3.812728321476638871e-01 3.820419150163429922e-01 3.841568929052105452e-01 3.799269371274754947e-01 3.785810421072870469e-01 3.803114785618150195e-01 3.820419150163429922e-01 3.855027879253989376e-01 3.887713901172851205e-01 3.939626994808690386e-01 3.926168044606806462e-01 4.220342241876562372e-01 3.939626994808690386e-01 4.401076716016150692e-01 5.818111901557392329e-01 5.570082676408383282e-01
5.200922899442415037e-01 5.520092289944241726e-01 5.527783118631032222e-01 5.746971736204575798e-01 5.646990963276292685e-01 5.668140742164968771e-01 5.698904056912131866e-01 5.729667371659296071e-01 5.750817150547971046e-01 5.775812343780042379e-01 5.904633724283792073e-01 5.931551624687559920e-01 6.121899634685636915e-01 6.150740242261103496e-01 6.150740242261103496e-01 6.150740242261103496e-01 6.150740242261103496e-01 6.150740242261103496e-01 6.150740242261103496e-01 6.150740242261103496e-01 6.150740242261103496e-01
4.226110363391655245e-01 5.310517208229186270e-01 3.335896942895597017e-01 5.566237262064988034e-01 5.468179196308402545e-01 5.572005383580080906e-01 5.585464333781965385e-01 5.500865218227264375e-01 5.791194001153624482e-01 5.960392232263026502e-01 5.937319746202652793e-01 5.818111901557392329e-01 5.921938088829071800e-01 5.935397039030955169e-01 5.873870409536627868e-01 5.977696596808306229e-01 6.037300519130935905e-01 5.825802730244183936e-01 5.887329359738512347e-01 5.920015381657373066e-01 6.010382618727168058e-01
6.412228417611998132e-01 6.133435877715823770e-01 6.200730628725245053e-01 6.060373005191309614e-01 5.964237646606421750e-01 6.023841568929052537e-01 6.031532397615843033e-01 6.056527590847914366e-01 6.021918861757353802e-01 6.039223226302634639e-01 6.025764276100750161e-01 6.031532397615843033e-01 6.039223226302634639e-01 6.054604883676215632e-01 6.052682176504518008e-01 6.250721015189386609e-01 6.073831955393194093e-01 8.040761392039992295e-01 6.071909248221495359e-01 6.135358584887521394e-01 8.015766198807922072e-01
5.010574889444338043e-01 5.337435108632955227e-01 5.637377427417804565e-01 5.658527206306479540e-01 6.150740242261103496e-01 6.150740242261103496e-01 6.150740242261103496e-01 6.150740242261103496e-01 6.150740242261103496e-01 6.150740242261103496e-01 6.150740242261103496e-01 6.150740242261103496e-01 6.160353778119592727e-01 6.069986541049797735e-01 6.148817535089405872e-01 5.962314939434724126e-01 6.116131513170544043e-01 6.150740242261103496e-01 6.119976927513939291e-01 6.150740242261103496e-01 6.154585656604498745e-01
5.427802345702749109e-01 5.812343780042299457e-01 6.021918861757353802e-01 5.998846375696981204e-01 6.121899634685636915e-01 6.152662949432801121e-01 6.156508363776196369e-01 6.152662949432801121e-01 6.154585656604498745e-01 6.156508363776196369e-01 6.156508363776196369e-01 6.156508363776196369e-01 6.156508363776196369e-01 6.156508363776196369e-01 6.156508363776196369e-01 6.156508363776196369e-01 6.156508363776196369e-01 6.156508363776196369e-01 6.156508363776196369e-01 6.156508363776196369e-01 6.156508363776196369e-01
3.931936166121899889e-01 4.129975004806767935e-01 3.532013074408767439e-01 3.516631417035185336e-01 3.574312632186117944e-01 3.633916554508748176e-01 3.678138819457796305e-01 3.703134012689867083e-01 3.768506056527590742e-01 3.912709094404921983e-01 3.972313016727552215e-01 4.124206883291674508e-01 4.064602960969044276e-01 4.268409921169005750e-01 6.652566814074216683e-01 6.917900403768506568e-01 6.466064218419534937e-01 5.454720246106518067e-01 6.204576043068640301e-01 4.987502403383964888e-01 4.993270524899057761e-01
4.404922130359546495e-01 4.612574504902903216e-01 4.724091520861372628e-01 4.804845222072678390e-01 5.035570082676408266e-01 4.637569698134973994e-01 4.704864449144395278e-01 4.656796769851951345e-01 4.677946548740626875e-01 5.081715054797154574e-01 5.104787540857527173e-01 4.714477985002883953e-01 4.733705056719861304e-01 5.110555662372621155e-01 4.716400692174581577e-01 4.772159200153816561e-01 5.158623341665063977e-01 5.102864833685829549e-01 5.122091905402806900e-01 5.225918092674485260e-01 5.039415497019803514e-01
5.654681791963084292e-01 4.824072293789655741e-01 5.229763507017881619e-01 4.993270524899057761e-01 5.372043837723514681e-01 5.377811959238607553e-01 5.450874831763122819e-01 5.031724668333013017e-01 5.485483560853682272e-01 5.798884829840414978e-01 5.677754278023456891e-01 5.843107094789463662e-01 5.868102288021533885e-01 6.366083445491251824e-01 6.148817535089405872e-01 6.519900019227071741e-01 5.975773889636608605e-01 6.127667756200730897e-01 6.148817535089405872e-01 6.093059027110171444e-01 6.162276485291290351e-01
