5.291290136512208919e-01 5.864256873678138637e-01 7.179388579119400093e-01 6.798692559123244994e-01 7.427417804268410251e-01 7.167852336089213239e-01 7.767736973658911914e-01 7.975389348202268636e-01 8.198423380119207460e-01 8.046529513555085167e-01 7.936935204768313934e-01 8.021534320323014944e-01 8.200346087290905084e-01 8.552201499711593602e-01 8.517592770621034148e-01 8.454143433955008113e-01 8.065756585272062518e-01 8.359930782541818983e-01 8.442607190924822369e-01 8.552201499711593602e-01 8.479138627187079447e-01
4.708709863487791081e-01 5.575850797923476154e-01 6.002691790040376452e-01 6.419919246298788629e-01 6.254566429532781857e-01 6.352624495289367346e-01 6.352624495289367346e-01 6.410305710440299398e-01 6.354547202461064970e-01 6.337242837915785243e-01 6.377619688521438679e-01 6.385310517208229175e-01 6.416073831955393381e-01 6.414151124783695757e-01 6.412228417611998132e-01 6.435300903672370731e-01 6.523745433570466989e-01 6.575658527206306170e-01 6.815996923668525831e-01 6.819842338011921079e-01 7.775427802345702410e-01
4.804845222072678390e-01 5.500865218227264375e-01 6.133435877715823770e-01 5.943087867717746775e-01 6.692943664679869009e-01 6.983272447606229116e-01 6.729475100942126087e-01 6.837146702557200806e-01 6.646798692559122701e-01 6.460296096904440954e-01 6.671793885791194034e-01 6.750624879830802172e-01 7.771582388002307162e-01 8.146510286483368279e-01 7.863872332243799779e-01 8.427225533551240266e-01 8.192655258604114588e-01 8.334935589309747650e-01 8.142664872139973031e-01 8.415689290521053412e-01 8.406075754662565291e-01
4.462603345510478547e-01 6.585272063064795400e-01 7.069794270332628860e-01 7.185156700634492966e-01 7.106325706594885938e-01 7.235147087098634522e-01 6.975581618919438620e-01 7.069794270332628860e-01 7.383195539319361567e-01 7.627379350124976476e-01 7.744664487598538205e-01 7.531243991540088611e-01 7.827340895981541591e-01 8.161891943856950382e-01 8.206114208805999066e-01 8.186887137089021715e-01 8.425302826379542642e-01 8.554124206883291226e-01 8.556046914054989960e-01 8.790617189002114529e-01 8.756008459911555075e-01
6.104595270140357188e-01 5.387425495097096784e-01 5.118246491059411651e-01 4.889444337627379400e-01 5.110555662372621155e-01 6.194962507210152181e-01 7.940780619111709182e-01 8.123437800422995680e-01 7.460103826187272080e-01 8.102288021534320706e-01 7.919630840223034207e-01 8.075370121130551748e-01 7.735050951740050085e-01 8.231109402038069289e-01 8.194577965775812212e-01 8.265718131128628743e-01 8.290713324360700076e-01 8.367621611228609479e-01 8.502211113247452046e-01 8.481061334358777071e-01 8.359930782541818983e-01
4.541434339550086685e-01 6.283407037108248439e-01 7.035185541242068297e-01 6.962122668717554141e-01 7.711978465679677486e-01 7.102480292251489580e-01 7.323591616996731890e-01 7.531243991540088611e-01 7.606229571236300391e-01 7.815804652951355846e-01 8.479138627187079447e-01 8.086906364160738603e-01 8.184964429917324091e-01 8.419534704864448660e-01 8.509901941934243652e-01 8.592578350317247038e-01 8.534897135166313875e-01 8.284945202845606094e-01 8.525283599307825755e-01 8.459911555470102096e-01 8.527206306479523379e-01
4.814458757931167066e-01 6.965968083060949390e-01 7.156316093059027494e-01 6.358392616804460218e-01 6.644875985387425077e-01 7.156316093059027494e-01 7.342818688713709241e-01 6.831378581042106823e-01 7.527398577196693363e-01 8.021534320323014944e-01 7.865795039415497403e-01 7.708133051336281127e-01 7.946548740626802054e-01 7.729282830224957213e-01 8.227263987694674041e-01 8.238800230724860896e-01 8.308017688905979803e-01 8.294558738704095324e-01 8.388771390117285565e-01 8.461834262641799720e-01 8.327244760622957154e-01
6.135358584887521394e-01 6.460296096904440954e-01 7.719669294366467982e-01 8.192655258604114588e-01 7.333205152855220010e-01 7.652374543357046699e-01 7.554316477600461210e-01 7.562007306287252817e-01 8.044606806383387543e-01 8.336858296481446384e-01 8.031147856181503064e-01 8.579119400115362559e-01 8.434916362238030763e-01 8.159969236685252758e-01 8.411843876177658164e-01 8.342626417996539256e-01 8.361853489713516607e-01 8.434916362238030763e-01 8.211882330321091938e-01 8.248413766583349016e-01 8.329167467794654778e-01
5.495097096712170393e-01 4.927898481061334102e-01 5.408575273985771759e-01 5.170159584695250832e-01 5.500865218227264375e-01 5.395116323783887280e-01 5.760430686406460277e-01 5.739280907517785302e-01 5.879638531051720740e-01 5.829648144587579184e-01 6.056527590847914366e-01 6.131513170544126146e-01 6.196885214381849805e-01 6.252643722361084233e-01 6.189194385695058198e-01 6.075754662564891717e-01 6.181503557008267702e-01 6.227648529129014010e-01 6.296865987310132917e-01 6.269948086906363960e-01 6.308402230340318662e-01
5.466256489136704921e-01 6.344933666602576849e-01 7.019803883868487304e-01 7.804268409921168992e-01 6.835223995385503182e-01 6.850605652759085284e-01 7.494712555277831534e-01 7.533166698711786236e-01 7.873485868102287899e-01 8.336858296481446384e-01 8.198423380119207460e-01 8.381080561430493958e-01 8.365698904056911855e-01 8.215727744664487187e-01 8.288790617189002452e-01 8.438761776581427121e-01 8.559892328398385208e-01 8.532974427994616251e-01 8.482984041530474695e-01 8.673332051528551689e-01 8.694481830417227775e-01
5.029801961161315393e-01 5.398961738127283638e-01 5.887329359738512347e-01 6.427610074985580235e-01 6.335320130744087619e-01 6.706402614881753488e-01 6.596808306094982255e-01 8.134974043453182535e-01 7.844645260526821318e-01 7.944626033455104430e-01 7.740819073255142957e-01 8.127283214766390929e-01 8.246491059411651392e-01 8.279177081330513222e-01 8.582964814458757807e-01 8.813689675062488238e-01 8.707940780619112253e-01 8.782926360315324033e-01 8.811766967890790614e-01 8.686791001730436168e-01 8.842530282637953709e-01
5.668140742164968771e-01 5.775812343780042379e-01 6.060373005191309614e-01 5.739280907517785302e-01 5.948855989232839647e-01 6.244952893674293737e-01 7.189002114977889324e-01 7.148625264372235888e-01 7.246683330128821376e-01 6.679484714477984530e-01 6.996731397808113595e-01 7.231301672755239274e-01 7.842722553355123694e-01 8.517592770621034148e-01 8.561815035570082832e-01 8.523360892136128131e-01 8.596423764660642286e-01 8.859834647183234546e-01 8.921361276677561847e-01 8.807921553547394256e-01 8.746394924053066955e-01
5.987310132666794349e-01 5.118246491059411651e-01 5.112478369544318779e-01 4.335704672178427033e-01 6.162276485291290351e-01 6.433378196500673107e-01 6.502595654681792015e-01 6.646798692559122701e-01 6.533358969428956220e-01 6.558354162661026443e-01 7.783118631032494017e-01 7.567775427802345689e-01 7.935012497596616310e-01 8.250336473755046640e-01 8.333012882138050026e-01 8.283022495673908470e-01 8.411843876177658164e-01 8.202268794462603818e-01 8.263795423956931119e-01 8.507979234762546028e-01 8.479138627187079447e-01
5.577773505095173778e-01 5.297058258027302902e-01 6.202653335896942677e-01 6.396846760238416030e-01 6.121899634685636915e-01 7.006344933666602826e-01 6.471832339934627809e-01 6.914054989425110209e-01 7.731205537396654837e-01 7.406268025379734166e-01 7.860026917900403420e-01 7.581234378004230168e-01 7.900403768506056856e-01 8.100365314362623081e-01 7.925398961738127079e-01 7.969621226687175763e-01 8.367621611228609479e-01 8.648336858296481466e-01 8.661795808498365945e-01 8.756008459911555075e-01 8.686791001730436168e-01
5.154777927321668729e-01 6.056527590847914366e-01 6.225725821957316386e-01 6.602576427610075127e-01 6.196885214381849805e-01 7.335127860026917634e-01 7.004422226494905201e-01 7.833109017496635573e-01 7.881176696789079505e-01 8.265718131128628743e-01 8.473370505671986574e-01 7.973466641030571012e-01 8.040761392039992295e-01 8.058065756585272021e-01 8.004229955777735217e-01 7.917708133051336583e-01 8.167660065372044365e-01 8.315708517592770299e-01 8.263795423956931119e-01 8.338781003653144008e-01 8.250336473755046640e-01
6.350701788117669722e-01 6.987117861949625475e-01 7.804268409921168992e-01 6.506441069025187263e-01 7.004422226494905201e-01 7.786964045375889265e-01 7.073639684676024109e-01 8.225341280522976417e-01 7.906171890021149729e-01 8.140742164968275407e-01 8.098442607190924347e-01 8.117669678907902808e-01 8.454143433955008113e-01 8.581042107287060183e-01 8.504133820419149670e-01 8.752163045568159827e-01 8.573351278600269687e-01 8.794462603345510887e-01 8.606037300519130406e-01 8.515670063449336524e-01 8.669486637185156441e-01
5.197077485099019789e-01 5.097096712170736676e-01 5.537396654489521453e-01 5.587387040953663009e-01 5.616227648529128480e-01 5.566237262064988034e-01 6.483368582964814664e-01 8.038838684868294671e-01 7.181311286291097717e-01 7.154393385887329870e-01 7.392809075177850797e-01 7.736973658911747709e-01 8.173428186887137237e-01 7.954239569313593661e-01 8.036915977696597047e-01 8.159969236685252758e-01 8.213805037492789562e-01 8.486829455873869943e-01 8.484906748702172319e-01 8.594501057488944662e-01 8.696404537588925399e-01
5.654681791963084292e-01 5.833493558930974432e-01 5.810421072870601833e-01 5.808498365698904209e-01 6.050759469332820384e-01 6.108440684483753547e-01 6.204576043068640301e-01 6.246875600845991361e-01 6.214189578927129531e-01 6.235339357815804506e-01 6.231493943472409258e-01 6.973658911747740996e-01 7.256296865987310607e-01 7.590847913862718288e-01 7.629302057296674100e-01 7.648529129013651451e-01 7.765814266487214290e-01 8.086906364160738603e-01 7.673524322245721674e-01 8.052297635070179149e-01 7.992693712747548362e-01
4.024226110363391395e-01 5.025956546817920145e-01 4.949048259950009632e-01 6.289175158623341311e-01 7.167852336089213239e-01 7.460103826187272080e-01 8.008075370121130465e-01 8.021534320323014944e-01 7.850413382041915300e-01 7.646606421841953827e-01 8.140742164968275407e-01 8.404153047490867667e-01 8.327244760622957154e-01 8.375312439915401086e-01 8.302249567390885820e-01 8.369544318400307104e-01 8.556046914054989960e-01 8.456066141126706848e-01 8.561815035570082832e-01 8.548356085368198354e-01 8.744472216881369331e-01
5.750817150547971046e-01 5.035570082676408266e-01 5.614304941357430856e-01 5.468179196308402545e-01 6.250721015189386609e-01 7.010190348009998074e-01 7.377427417804268694e-01 7.556239184772158834e-01 7.500480676792924406e-01 7.371659296289174712e-01 7.587002499519323040e-01 7.552393770428763586e-01 7.567775427802345689e-01 7.617765814266487245e-01 7.413958854066525772e-01 7.950394154970198413e-01 8.181119015573927733e-01 8.273408959815420349e-01 8.348394539511632129e-01 8.667563930013458817e-01 8.757931167083252699e-01
5.320130744087675501e-01 4.939434724091520956e-01 5.143241684291481874e-01 5.100942126514131925e-01 5.174004999038646080e-01 5.245145164391463721e-01 5.372043837723514681e-01 5.541242068832916701e-01 5.606614112670640360e-01 5.762353393578157901e-01 5.893097481253605219e-01 5.996923668525283579e-01 6.008459911555470434e-01 6.014228033070563306e-01 6.008459911555470434e-01 6.002691790040376452e-01 6.062295712363007238e-01 5.979619303980003853e-01 5.968083060949816998e-01 6.056527590847914366e-01 6.006537204383772810e-01
