5.670063449336666395e-01 5.800807537012112602e-01 5.633532013074409317e-01 5.370121130551817057e-01 5.583541626610267761e-01 5.485483560853682272e-01 5.633532013074409317e-01 5.687367813881946121e-01 5.543164776004614325e-01 5.579696212266871402e-01 5.548932897519707197e-01 5.616227648529128480e-01 5.671986156508364019e-01 5.650836377619689044e-01 6.068063833878100111e-01 6.521822726398769365e-01 5.991155547010190707e-01 6.673716592962891658e-01 6.723706979427033215e-01 6.764083830032685540e-01 6.808306094981734224e-01
4.439530859450105948e-01 4.858681022880215195e-01 5.481638146510287024e-01 5.435493174389540716e-01 5.535473947317823828e-01 5.547010190348009573e-01 5.635454720246106941e-01 5.718131128629110327e-01 5.777735050951740003e-01 5.839261680446068414e-01 6.268025379734666336e-01 6.146894827917708248e-01 6.241107479330897378e-01 6.325706594885598388e-01 6.583349355893097776e-01 6.635262449528936957e-01 6.666025764276101162e-01 6.769851951547779523e-01 6.681407421649683265e-01 6.842914824072293678e-01 6.777542780234570019e-01
4.456835223995385675e-01 4.531820803691598010e-01 6.617958084983657230e-01 6.198807921553547429e-01 6.591040184579888273e-01 7.006344933666602826e-01 6.983272447606229116e-01 6.869832724476062635e-01 6.912132282253412585e-01 6.929436646798692312e-01 6.875600845991155508e-01 6.952509132859066021e-01 6.958277254374158893e-01 7.067871563160930126e-01 6.992885983464718347e-01 7.117861949625071682e-01 7.085175927706209853e-01 7.056335320130744382e-01 7.115939242453374058e-01 7.164006921745817991e-01 7.167852336089213239e-01
5.458565660449913315e-01 6.004614497212074076e-01 5.427802345702749109e-01 5.781580465295135252e-01 5.881561238223418364e-01 5.908479138627187321e-01 5.962314939434724126e-01 6.143049413574313000e-01 6.000769082868678828e-01 6.041145933474332264e-01 6.129590463372428522e-01 6.121899634685636915e-01 7.004422226494905201e-01 6.175735435493174830e-01 6.054604883676215632e-01 6.181503557008267702e-01 6.219957700442222404e-01 6.221880407613920028e-01 6.229571236300711634e-01 6.273793501249759208e-01 6.281484329936550814e-01
6.044991347817727512e-01 6.156508363776196369e-01 6.487213997308209912e-01 6.135358584887521394e-01 6.100749855796961940e-01 6.269948086906363960e-01 6.252643722361084233e-01 6.435300903672370731e-01 6.289175158623341311e-01 6.369928859834647072e-01 6.348779080945972098e-01 6.348779080945972098e-01 6.358392616804460218e-01 6.362238031147856576e-01 7.021726591040184928e-01 6.348779080945972098e-01 6.554508748317631195e-01 6.869832724476062635e-01 7.258219573159008231e-01 6.817919630840223455e-01 6.954431840030763645e-01
3.864641415112478606e-01 4.645260526821765046e-01 5.041338204191501138e-01 5.206691020957507909e-01 6.416073831955393381e-01 6.679484714477984530e-01 6.777542780234570019e-01 7.006344933666602826e-01 7.025572005383580176e-01 6.733320515285522445e-01 6.869832724476062635e-01 7.079407806191116981e-01 7.121707363968468041e-01 7.110171120938281186e-01 7.081330513362814605e-01 7.148625264372235888e-01 7.121707363968468041e-01 7.127475485483560913e-01 7.185156700634492966e-01 7.396654489521246045e-01 7.164006921745817991e-01
5.593155162468755881e-01 5.620073062872524838e-01 5.362430301865025450e-01 5.770044222264949507e-01 5.702749471255528224e-01 5.831570851759276808e-01 5.852720630647951783e-01 5.966160353778119374e-01 6.373774274178042321e-01 6.408383003268601774e-01 6.366083445491251824e-01 6.160353778119592727e-01 6.341088252259180491e-01 6.421841953470486253e-01 6.496827533166699142e-01 6.506441069025187263e-01 6.554508748317631195e-01 6.579503941549702528e-01 6.592962891751585897e-01 6.629494328013842974e-01 6.623726206498750102e-01
5.985387425495096725e-01 6.033455104787540657e-01 5.860411459334743389e-01 5.852720630647951783e-01 6.000769082868678828e-01 5.998846375696981204e-01 6.089213612766775086e-01 6.131513170544126146e-01 6.410305710440299398e-01 6.854451067102480533e-01 6.637185156700634581e-01 6.808306094981734224e-01 7.027494712555277800e-01 6.975581618919438620e-01 7.012113055181695698e-01 7.017881176696788570e-01 7.019803883868487304e-01 6.704479907710055864e-01 7.125552778311863289e-01 7.142857142857143016e-01 7.200538358008075068e-01
5.512401461257450119e-01 5.391270909440492032e-01 5.616227648529128480e-01 5.441261295904633588e-01 5.696981349740434242e-01 5.764276100749855525e-01 6.035377811959238281e-01 6.393001345895019671e-01 6.458373389732743330e-01 6.702557200538358240e-01 6.529513555085560972e-01 6.391078638723322047e-01 6.737165929628917693e-01 6.719861565083637966e-01 6.777542780234570019e-01 6.927513939626994688e-01 6.771774658719477147e-01 6.716016150740242718e-01 6.739088636800615317e-01 6.804460680638338976e-01 6.842914824072293678e-01
5.049029032878292744e-01 5.466256489136704921e-01 5.623918477215920086e-01 5.348971351663142082e-01 5.570082676408383282e-01 5.464333781965006187e-01 5.683522399538549763e-01 5.737358200346087678e-01 5.812343780042299457e-01 6.517977312055374117e-01 6.429532782157277859e-01 6.616035377811959606e-01 6.721784272255335591e-01 6.727552393770428463e-01 6.919823110940204192e-01 6.823687752355316327e-01 6.758315708517592668e-01 6.890982503364737610e-01 6.873678138819457883e-01 6.825610459527013951e-01 6.869832724476062635e-01
5.608536819842337984e-01 5.377811959238607553e-01 5.650836377619689044e-01 5.112478369544318779e-01 4.739473178234954731e-01 5.393193616612189656e-01 5.695058642568736618e-01 5.827725437415881560e-01 5.720053835800807951e-01 5.956546817919631254e-01 6.175735435493174830e-01 6.168044606806383223e-01 6.110363391655451171e-01 6.189194385695058198e-01 6.208421457412036659e-01 6.333397423572389995e-01 6.375696981349739945e-01 6.369928859834647072e-01 6.333397423572389995e-01 6.379542395693136303e-01 6.410305710440299398e-01
4.845222072678331271e-01 5.568159969236685658e-01 5.241299750048067363e-01 5.372043837723514681e-01 5.873870409536627868e-01 5.818111901557392329e-01 5.662372620649874788e-01 5.233608921361276867e-01 5.575850797923476154e-01 5.677754278023456891e-01 5.704672178427225848e-01 5.756585272063065029e-01 5.810421072870601833e-01 5.925783503172467048e-01 6.048836762161122760e-01 6.394924053066718406e-01 6.116131513170544043e-01 6.198807921553547429e-01 6.248798308017688985e-01 6.193039800038454556e-01 6.193039800038454556e-01
3.906940972889829111e-01 4.016535281676600899e-01 3.901172851374735684e-01 4.397231301672755444e-01 4.766391078638723133e-01 5.054797154393385616e-01 5.231686214189579243e-01 5.095174004999039052e-01 5.135550855604691378e-01 5.183618534897135310e-01 5.177850413382042438e-01 5.235531628532974491e-01 5.331666987117862355e-01 5.358584887521630202e-01 5.348971351663142082e-01 5.454720246106518067e-01 5.581618919438569026e-01 5.712363007114016344e-01 5.935397039030955169e-01 6.075754662564891717e-01 6.150740242261103496e-01
5.216304556815997140e-01 5.466256489136704921e-01 5.535473947317823828e-01 5.677754278023456891e-01 5.691213228225341370e-01 5.762353393578157901e-01 5.771966929436647131e-01 5.839261680446068414e-01 5.841184387617766038e-01 5.835416266102672056e-01 5.937319746202652793e-01 5.935397039030955169e-01 5.864256873678138637e-01 5.973851182464910980e-01 5.987310132666794349e-01 6.150740242261103496e-01 6.150740242261103496e-01 6.118054220342241667e-01 6.129590463372428522e-01 6.150740242261103496e-01 6.150740242261103496e-01
4.226110363391655245e-01 5.020188425302826163e-01 5.212459142472601892e-01 5.585464333781965385e-01 5.750817150547971046e-01 5.762353393578157901e-01 5.933474331859257545e-01 5.946933282061142023e-01 5.998846375696981204e-01 6.058450298019611990e-01 6.029609690444145409e-01 6.062295712363007238e-01 6.048836762161122760e-01 6.056527590847914366e-01 6.066141126706402487e-01 6.085368198423379837e-01 6.089213612766775086e-01 6.148817535089405872e-01 6.150740242261103496e-01 6.137281292059219018e-01 6.156508363776196369e-01
6.423764660642183877e-01 6.360315323976158952e-01 6.333397423572389995e-01 6.250721015189386609e-01 6.068063833878100111e-01 6.314170351855412644e-01 6.344933666602576849e-01 6.369928859834647072e-01 6.379542395693136303e-01 6.542972505287444340e-01 6.546817919630840699e-01 6.737165929628917693e-01 6.517977312055374117e-01 6.664103057104403538e-01 6.925591232455297064e-01 7.098634877908094332e-01 7.283214766391078454e-01 7.194770236492982196e-01 7.285137473562776078e-01 7.273601230532590334e-01 7.352432224572197361e-01
5.008652182272640419e-01 5.187463949240530559e-01 5.481638146510287024e-01 5.058642568736780865e-01 5.314362622572582628e-01 5.381657373582003911e-01 5.304749086714093398e-01 5.404729859642376510e-01 5.475870024995193042e-01 5.373966544895212305e-01 5.702749471255528224e-01 4.806767929244376014e-01 5.231686214189579243e-01 5.289367429340511295e-01 5.362430301865025450e-01 5.341280522976350476e-01 5.323976158431070749e-01 5.339357815804652851e-01 5.385502787925399160e-01 5.389348202268794408e-01 5.410497981157469383e-01
5.481638146510287024e-01 5.812343780042299457e-01 5.968083060949816998e-01 5.875793116708325492e-01 6.081522784079984589e-01 6.094981734281869068e-01 6.039223226302634639e-01 6.081522784079984589e-01 6.098827148625264316e-01 6.118054220342241667e-01 6.112286098827148795e-01 6.137281292059219018e-01 6.131513170544126146e-01 6.125745049029033273e-01 6.156508363776196369e-01 6.156508363776196369e-01 6.150740242261103496e-01 6.154585656604498745e-01 6.150740242261103496e-01 6.152662949432801121e-01 6.150740242261103496e-01
3.918477215920015411e-01 4.941357431263218580e-01 5.262449528936743448e-01 5.083637761968852198e-01 5.262449528936743448e-01 5.508556046914054871e-01 5.652759084791386668e-01 5.743126321861180550e-01 5.827725437415881560e-01 5.739280907517785302e-01 6.208421457412036659e-01 6.333397423572389995e-01 6.314170351855412644e-01 6.385310517208229175e-01 6.408383003268601774e-01 6.496827533166699142e-01 6.548740626802538323e-01 6.521822726398769365e-01 6.544895212459141964e-01 6.529513555085560972e-01 6.527590847913862238e-01
4.410690251874639367e-01 4.651028648336858473e-01 4.695250913285906602e-01 4.749086714093443407e-01 4.660642184195347149e-01 4.637569698134973994e-01 4.716400692174581577e-01 5.816189194385694705e-01 4.818304172274562314e-01 5.152855220149971105e-01 4.856758315708517570e-01 4.683714670255720303e-01 4.737550471063257107e-01 5.012497596616035667e-01 4.895212459142472827e-01 5.458565660449913315e-01 5.473947317823495418e-01 5.779657758123437628e-01 5.654681791963084292e-01 5.598923283983848753e-01 5.604691405498942736e-01
5.654681791963084292e-01 5.533551240146126204e-01 5.575850797923476154e-01 5.612382234185733232e-01 5.981542011151701477e-01 5.562391847721591676e-01 6.037300519130935905e-01 6.119976927513939291e-01 6.414151124783695757e-01 6.542972505287444340e-01 6.612189963468563247e-01 6.541049798115746716e-01 6.531436262257258596e-01 6.591040184579888273e-01 6.585272063064795400e-01 6.606421841953470375e-01 6.698711786194962992e-01 6.719861565083637966e-01 6.685252835993078513e-01 6.725629686598730839e-01 6.796769851951547370e-01
