5.047106325706595120e-01 5.043260911363199872e-01 5.339357815804652851e-01 5.364353009036724185e-01 5.102864833685829549e-01 5.181695827725437686e-01 5.345125937319745724e-01 5.408575273985771759e-01 5.420111517015958613e-01 5.362430301865025450e-01 5.418188809844260989e-01 5.416266102672563365e-01 5.408575273985771759e-01 5.372043837723514681e-01 5.393193616612189656e-01 5.333589694289559979e-01 5.395116323783887280e-01 5.483560853681984648e-01 5.362430301865025450e-01 5.341280522976350476e-01 5.381657373582003911e-01
5.372043837723514681e-01 5.402807152470678886e-01 5.416266102672563365e-01 5.320130744087675501e-01 5.373966544895212305e-01 5.283599307825418423e-01 5.395116323783887280e-01 5.460488367621610939e-01 5.477792732166890666e-01 5.368198423380119433e-01 5.256681407421649466e-01 5.241299750048067363e-01 5.225918092674485260e-01 5.220149971159392388e-01 5.243222457219764987e-01 5.397039030955586014e-01 5.297058258027302902e-01 5.258604114593347090e-01 5.281676600653720799e-01 5.248990578734858969e-01 5.222072678331090012e-01
4.956739088636800683e-01 5.248990578734858969e-01 5.312439915400883894e-01 5.381657373582003911e-01 5.431647760046145468e-01 5.418188809844260989e-01 5.414343395500865741e-01 5.368198423380119433e-01 5.372043837723514681e-01 5.393193616612189656e-01 5.268217650451836320e-01 5.293212843683906543e-01 5.329744279946164731e-01 5.298980965199000526e-01 5.323976158431070749e-01 5.366275716208421809e-01 5.352816766006537330e-01 5.422034224187656237e-01 5.425879638531051485e-01 5.398961738127283638e-01 5.412420688329167007e-01
5.020188425302826163e-01 5.022111132474523787e-01 5.012497596616035667e-01 4.785618150355701039e-01 4.681791963084022123e-01 4.912516823687752554e-01 5.033647375504710642e-01 5.102864833685829549e-01 5.039415497019803514e-01 4.879830801768890725e-01 4.954816381465103059e-01 5.156700634493366353e-01 5.095174004999039052e-01 5.039415497019803514e-01 5.122091905402806900e-01 5.124014612574504524e-01 5.125937319746202148e-01 5.120169198231109275e-01 5.154777927321668729e-01 5.091328590655642694e-01 5.222072678331090012e-01
5.202845606614112661e-01 5.387425495097096784e-01 5.431647760046145468e-01 5.175927706210343704e-01 5.137473562776389002e-01 5.095174004999039052e-01 5.074024226110362967e-01 5.037492789848105890e-01 5.139396269948086626e-01 5.137473562776389002e-01 5.143241684291481874e-01 5.122091905402806900e-01 5.131705441261296130e-01 5.068256104595270095e-01 5.064410690251874847e-01 5.100942126514131925e-01 4.964429917323591734e-01 5.102864833685829549e-01 5.220149971159392388e-01 5.072101518938665343e-01 5.145164391463180609e-01
4.751009421265141586e-01 4.745241299750048158e-01 4.864449144395308622e-01 4.862526437223610998e-01 4.856758315708517570e-01 4.849067487021726519e-01 4.837531243991540220e-01 5.193232070755623431e-01 5.089405883483945070e-01 5.291290136512208919e-01 5.133628148432993754e-01 4.897135166314170451e-01 5.068256104595270095e-01 4.950970967121707256e-01 5.016343010959430915e-01 5.049029032878292744e-01 4.729859642376466056e-01 5.145164391463180609e-01 5.004806767929244060e-01 5.000961353585848812e-01 5.020188425302826163e-01
5.322053451259373125e-01 5.472024610651797794e-01 5.104787540857527173e-01 5.116323783887714027e-01 5.174004999038646080e-01 5.112478369544318779e-01 5.218227263987694764e-01 5.193232070755623431e-01 5.260526821765044714e-01 5.298980965199000526e-01 5.341280522976350476e-01 5.266294943280138696e-01 5.410497981157469383e-01 5.439338588732935964e-01 5.397039030955586014e-01 5.397039030955586014e-01 5.389348202268794408e-01 5.368198423380119433e-01 5.347048644491444458e-01 5.350894058834839706e-01 5.308594501057488646e-01
4.687560084599115551e-01 4.564506825610459284e-01 4.949048259950009632e-01 4.651028648336858473e-01 4.606806383387809789e-01 4.622188040761391892e-01 4.597192847529321114e-01 4.720246106517977380e-01 4.818304172274562314e-01 4.922130359546241229e-01 4.970198038838684607e-01 5.016343010959430915e-01 5.214381849644299516e-01 4.997115939242453564e-01 5.012497596616035667e-01 5.010574889444338043e-01 4.929821188233032281e-01 4.868294558738703870e-01 5.095174004999039052e-01 4.950970967121707256e-01 4.995193232070755385e-01
5.041338204191501138e-01 5.049029032878292744e-01 4.760622957123630261e-01 4.720246106517977380e-01 4.677946548740626875e-01 4.827917708133051544e-01 4.900980580657565699e-01 4.968275331666986983e-01 4.964429917323591734e-01 4.956739088636800683e-01 4.972120746010382786e-01 4.950970967121707256e-01 4.877908094597193100e-01 4.835608536819842596e-01 4.825995000961353365e-01 4.756777542780234458e-01 4.751009421265141586e-01 4.743318592578350534e-01 4.760622957123630261e-01 4.762545664295327885e-01 4.708709863487791081e-01
5.318208036915977877e-01 5.270140357623533944e-01 5.368198423380119433e-01 5.316285329744280252e-01 5.352816766006537330e-01 5.352816766006537330e-01 5.325898865602768373e-01 5.318208036915977877e-01 5.327821572774465997e-01 5.212459142472601892e-01 5.208613728129205533e-01 5.174004999038646080e-01 5.210536435300903157e-01 5.145164391463180609e-01 5.197077485099019789e-01 5.218227263987694764e-01 5.341280522976350476e-01 5.366275716208421809e-01 5.150932512978273481e-01 5.268217650451836320e-01 5.197077485099019789e-01
4.843299365506633092e-01 5.306671793885791022e-01 5.124014612574504524e-01 5.202845606614112661e-01 5.189386656412228183e-01 5.145164391463180609e-01 5.141318977119784250e-01 5.248990578734858969e-01 5.145164391463180609e-01 5.162468756008460335e-01 5.237454335704672115e-01 5.227840799846182884e-01 5.160546048836762711e-01 5.187463949240530559e-01 5.248990578734858969e-01 5.222072678331090012e-01 5.243222457219764987e-01 5.308594501057488646e-01 5.281676600653720799e-01 5.264372236108441072e-01 5.241299750048067363e-01
4.983656989040569085e-01 5.104787540857527173e-01 5.297058258027302902e-01 5.368198423380119433e-01 5.358584887521630202e-01 5.329744279946164731e-01 5.223995385502787636e-01 5.068256104595270095e-01 5.085560469140549822e-01 5.047106325706595120e-01 5.047106325706595120e-01 5.079792347625456950e-01 5.052874447221687992e-01 5.183618534897135310e-01 5.072101518938665343e-01 5.166314170351855584e-01 5.170159584695250832e-01 5.137473562776389002e-01 5.097096712170736676e-01 5.137473562776389002e-01 5.056719861565083241e-01
4.729859642376466056e-01 4.762545664295327885e-01 4.739473178234954731e-01 4.772159200153816561e-01 4.720246106517977380e-01 4.833685829648144416e-01 5.056719861565083241e-01 4.906748702172659127e-01 4.925975773889636478e-01 4.870217265910402049e-01 4.924053066717938854e-01 4.874062680253797297e-01 4.858681022880215195e-01 4.833685829648144416e-01 4.770236492982118937e-01 4.900980580657565699e-01 4.902903287829263879e-01 4.762545664295327885e-01 4.839453951163237844e-01 4.864449144395308622e-01 4.974043453182080410e-01
5.010574889444338043e-01 4.845222072678331271e-01 4.849067487021726519e-01 4.985579696212266709e-01 5.143241684291481874e-01 5.166314170351855584e-01 5.139396269948086626e-01 5.235531628532974491e-01 4.985579696212266709e-01 5.095174004999039052e-01 5.202845606614112661e-01 5.037492789848105890e-01 5.162468756008460335e-01 4.918284945202845426e-01 4.925975773889636478e-01 4.933666602576427529e-01 4.977888867525475658e-01 4.945202845606614384e-01 4.922130359546241229e-01 4.818304172274562314e-01 4.912516823687752554e-01
4.624110747933089516e-01 5.212459142472601892e-01 5.216304556815997140e-01 5.304749086714093398e-01 5.193232070755623431e-01 5.168236877523553208e-01 5.200922899442415037e-01 5.118246491059411651e-01 5.152855220149971105e-01 5.177850413382042438e-01 5.202845606614112661e-01 5.204768313785810285e-01 5.139396269948086626e-01 5.152855220149971105e-01 5.195154777927322165e-01 5.187463949240530559e-01 5.187463949240530559e-01 5.164391463180157960e-01 5.225918092674485260e-01 5.095174004999039052e-01 5.131705441261296130e-01
5.066333397423572471e-01 4.850990194193424143e-01 5.024033839646221411e-01 5.016343010959430915e-01 5.266294943280138696e-01 5.243222457219764987e-01 5.154777927321668729e-01 5.156700634493366353e-01 5.052874447221687992e-01 5.027879253989617769e-01 4.933666602576427529e-01 5.004806767929244060e-01 4.993270524899057761e-01 4.906748702172659127e-01 4.776004614497211809e-01 4.914439530859450178e-01 5.164391463180157960e-01 5.062487983080177223e-01 5.112478369544318779e-01 5.254758700249951842e-01 5.177850413382042438e-01
5.145164391463180609e-01 5.235531628532974491e-01 5.052874447221687992e-01 5.168236877523553208e-01 5.312439915400883894e-01 5.074024226110362967e-01 5.127860026917900882e-01 5.099019419342434301e-01 5.275908479138626817e-01 5.091328590655642694e-01 5.014420303787733291e-01 4.989425110555662513e-01 5.002884060757546436e-01 5.233608921361276867e-01 5.179773120553740062e-01 5.185541242068832934e-01 5.354739473178234954e-01 5.220149971159392388e-01 5.248990578734858969e-01 5.298980965199000526e-01 5.179773120553740062e-01
5.487406268025379896e-01 5.381657373582003911e-01 5.302826379542395774e-01 5.362430301865025450e-01 5.489328975197077520e-01 5.350894058834839706e-01 5.408575273985771759e-01 5.275908479138626817e-01 5.216304556815997140e-01 5.248990578734858969e-01 5.275908479138626817e-01 5.208613728129205533e-01 5.318208036915977877e-01 5.404729859642376510e-01 5.462411074793308563e-01 5.308594501057488646e-01 5.381657373582003911e-01 5.412420688329167007e-01 5.402807152470678886e-01 5.348971351663142082e-01 5.433570467217843092e-01
5.137473562776389002e-01 5.133628148432993754e-01 5.258604114593347090e-01 5.245145164391463721e-01 5.272063064795231568e-01 5.273985771966929192e-01 4.839453951163237844e-01 5.177850413382042438e-01 5.200922899442415037e-01 5.273985771966929192e-01 4.952893674293404880e-01 5.027879253989617769e-01 5.070178811766967719e-01 4.868294558738703870e-01 5.229763507017881619e-01 5.470101903480100169e-01 5.570082676408383282e-01 5.727744664487598447e-01 5.689290521053643745e-01 5.662372620649874788e-01 5.646990963276292685e-01
5.281676600653720799e-01 5.279753893482023175e-01 5.283599307825418423e-01 5.164391463180157960e-01 5.137473562776389002e-01 5.137473562776389002e-01 5.437415881561238340e-01 5.339357815804652851e-01 5.383580080753701536e-01 5.325898865602768373e-01 5.318208036915977877e-01 5.304749086714093398e-01 5.270140357623533944e-01 5.377811959238607553e-01 5.389348202268794408e-01 5.366275716208421809e-01 5.377811959238607553e-01 5.285522014997116047e-01 5.208613728129205533e-01 5.229763507017881619e-01 5.264372236108441072e-01
5.125937319746202148e-01 5.135550855604691378e-01 5.133628148432993754e-01 5.125937319746202148e-01 5.147087098634878233e-01 5.112478369544318779e-01 5.233608921361276867e-01 5.250913285906556593e-01 5.260526821765044714e-01 5.281676600653720799e-01 5.281676600653720799e-01 5.464333781965006187e-01 5.502787925398961999e-01 5.483560853681984648e-01 5.450874831763122819e-01 5.529705825802729846e-01 5.475870024995193042e-01 5.437415881561238340e-01 5.452797538934820443e-01 5.441261295904633588e-01 5.443184003076331212e-01
