5.214381849644299516e-01 4.985579696212266709e-01 5.535473947317823828e-01 5.310517208229186270e-01 5.231686214189579243e-01 5.187463949240530559e-01 5.225918092674485260e-01 5.072101518938665343e-01 5.031724668333013017e-01 5.037492789848105890e-01 5.039415497019803514e-01 4.993270524899057761e-01 4.989425110555662513e-01 5.199000192270717413e-01 4.920207652374543605e-01 4.543357046721784309e-01 4.477985002884060650e-01 4.476062295712363026e-01 4.533743510863295634e-01 4.718323399346279756e-01 4.847144779850028895e-01
5.370121130551817057e-01 5.066333397423572471e-01 5.081715054797154574e-01 5.087483176312247446e-01 5.083637761968852198e-01 5.133628148432993754e-01 5.102864833685829549e-01 5.064410690251874847e-01 4.683714670255720303e-01 4.691405498942510799e-01 4.726014228033070808e-01 4.593347433185925865e-01 4.651028648336858473e-01 4.708709863487791081e-01 4.975966160353778034e-01 5.150932512978273481e-01 5.035570082676408266e-01 4.820226879446260493e-01 4.781772736012305236e-01 4.766391078638723133e-01 4.829840415304749168e-01
4.854835608536819946e-01 4.897135166314170451e-01 4.947125552778312008e-01 4.983656989040569085e-01 4.993270524899057761e-01 5.000961353585848812e-01 5.012497596616035667e-01 4.899057873485868075e-01 4.916362238031147802e-01 5.016343010959430915e-01 4.968275331666986983e-01 4.989425110555662513e-01 4.999038646414151188e-01 4.987502403383964888e-01 5.054797154393385616e-01 5.031724668333013017e-01 5.010574889444338043e-01 4.956739088636800683e-01 4.920207652374543605e-01 5.024033839646221411e-01 5.018265718131128539e-01
5.149009805806575857e-01 4.804845222072678390e-01 5.298980965199000526e-01 5.314362622572582628e-01 5.462411074793308563e-01 5.158623341665063977e-01 5.283599307825418423e-01 5.350894058834839706e-01 5.189386656412228183e-01 5.195154777927322165e-01 5.202845606614112661e-01 5.164391463180157960e-01 5.202845606614112661e-01 5.304749086714093398e-01 5.199000192270717413e-01 5.241299750048067363e-01 5.368198423380119433e-01 5.437415881561238340e-01 5.395116323783887280e-01 5.518169582772544102e-01 5.516246875600846478e-01
4.904825995000961503e-01 5.072101518938665343e-01 5.406652566814074135e-01 5.341280522976350476e-01 5.372043837723514681e-01 5.445106710248028836e-01 5.364353009036724185e-01 5.333589694289559979e-01 5.331666987117862355e-01 5.389348202268794408e-01 5.366275716208421809e-01 5.408575273985771759e-01 5.302826379542395774e-01 5.233608921361276867e-01 5.273985771966929192e-01 5.195154777927322165e-01 5.150932512978273481e-01 5.360507594693327826e-01 5.379734666410305177e-01 4.833685829648144416e-01 5.056719861565083241e-01
4.751009421265141586e-01 5.135550855604691378e-01 4.887521630455681776e-01 4.860603730051912819e-01 5.193232070755623431e-01 5.029801961161315393e-01 5.022111132474523787e-01 4.858681022880215195e-01 4.460680638338780923e-01 4.510671024802922480e-01 4.552970582580272985e-01 4.752932128436839210e-01 4.849067487021726519e-01 4.954816381465103059e-01 4.960584502980195931e-01 4.999038646414151188e-01 4.950970967121707256e-01 4.950970967121707256e-01 4.968275331666986983e-01 4.979811574697173837e-01 4.962507210151894110e-01
5.322053451259373125e-01 4.937512016919823332e-01 5.054797154393385616e-01 5.049029032878292744e-01 5.037492789848105890e-01 5.012497596616035667e-01 5.181695827725437686e-01 5.212459142472601892e-01 5.241299750048067363e-01 5.075946933282060591e-01 5.100942126514131925e-01 5.050951740049990368e-01 5.093251297827341428e-01 5.089405883483945070e-01 5.089405883483945070e-01 5.070178811766967719e-01 5.064410690251874847e-01 5.064410690251874847e-01 5.066333397423572471e-01 5.081715054797154574e-01 4.968275331666986983e-01
4.683714670255720303e-01 5.137473562776389002e-01 5.091328590655642694e-01 5.072101518938665343e-01 5.043260911363199872e-01 5.004806767929244060e-01 4.749086714093443407e-01 4.875985387425494921e-01 4.987502403383964888e-01 4.991347817727360137e-01 5.031724668333013017e-01 4.962507210151894110e-01 4.804845222072678390e-01 4.849067487021726519e-01 4.841376658334935468e-01 4.839453951163237844e-01 4.833685829648144416e-01 4.910594116516054375e-01 4.900980580657565699e-01 4.841376658334935468e-01 4.850990194193424143e-01
5.273985771966929192e-01 5.012497596616035667e-01 5.018265718131128539e-01 5.225918092674485260e-01 4.720246106517977380e-01 4.997115939242453564e-01 5.035570082676408266e-01 5.118246491059411651e-01 5.037492789848105890e-01 5.120169198231109275e-01 5.127860026917900882e-01 4.935589309748125153e-01 4.949048259950009632e-01 5.072101518938665343e-01 5.074024226110362967e-01 5.002884060757546436e-01 5.049029032878292744e-01 5.150932512978273481e-01 5.420111517015958613e-01 5.420111517015958613e-01 5.477792732166890666e-01
5.279753893482023175e-01 4.950970967121707256e-01 4.962507210151894110e-01 4.997115939242453564e-01 5.012497596616035667e-01 4.947125552778312008e-01 4.999038646414151188e-01 5.072101518938665343e-01 5.081715054797154574e-01 5.068256104595270095e-01 5.075946933282060591e-01 4.920207652374543605e-01 4.981734281868871461e-01 5.010574889444338043e-01 5.387425495097096784e-01 5.341280522976350476e-01 5.595077869640453505e-01 5.425879638531051485e-01 5.462411074793308563e-01 5.456642953278215691e-01 5.262449528936743448e-01
4.843299365506633092e-01 5.029801961161315393e-01 5.218227263987694764e-01 5.006729475100941684e-01 5.068256104595270095e-01 5.091328590655642694e-01 4.977888867525475658e-01 5.079792347625456950e-01 5.147087098634878233e-01 5.131705441261296130e-01 5.141318977119784250e-01 5.091328590655642694e-01 4.995193232070755385e-01 5.008652182272640419e-01 4.949048259950009632e-01 4.956739088636800683e-01 5.156700634493366353e-01 5.164391463180157960e-01 5.268217650451836320e-01 5.337435108632955227e-01 5.360507594693327826e-01
5.097096712170736676e-01 5.116323783887714027e-01 5.079792347625456950e-01 5.072101518938665343e-01 5.077869640453759326e-01 4.904825995000961503e-01 4.950970967121707256e-01 4.970198038838684607e-01 5.114401076716016403e-01 5.106710248029224797e-01 5.120169198231109275e-01 5.189386656412228183e-01 5.204768313785810285e-01 5.214381849644299516e-01 5.212459142472601892e-01 5.212459142472601892e-01 5.206691020957507909e-01 5.141318977119784250e-01 5.247067871563161345e-01 5.124014612574504524e-01 5.124014612574504524e-01
4.716400692174581577e-01 4.929821188233032281e-01 4.908671409344356751e-01 5.022111132474523787e-01 4.718323399346279756e-01 5.068256104595270095e-01 5.149009805806575857e-01 4.833685829648144416e-01 5.124014612574504524e-01 5.158623341665063977e-01 5.108632955200922421e-01 5.104787540857527173e-01 5.193232070755623431e-01 5.064410690251874847e-01 5.164391463180157960e-01 5.002884060757546436e-01 4.929821188233032281e-01 4.854835608536819946e-01 4.816381465102864690e-01 4.847144779850028895e-01 4.904825995000961503e-01
5.020188425302826163e-01 4.937512016919823332e-01 4.783695443184002860e-01 4.962507210151894110e-01 4.662564891367044773e-01 4.652951355508556097e-01 4.718323399346279756e-01 4.860603730051912819e-01 4.825995000961353365e-01 5.010574889444338043e-01 5.039415497019803514e-01 5.039415497019803514e-01 5.043260911363199872e-01 4.897135166314170451e-01 4.920207652374543605e-01 4.889444337627379400e-01 4.891367044799077024e-01 4.868294558738703870e-01 4.918284945202845426e-01 5.010574889444338043e-01 5.408575273985771759e-01
4.626033455104787695e-01 4.989425110555662513e-01 4.918284945202845426e-01 4.943280138434916204e-01 4.987502403383964888e-01 5.008652182272640419e-01 4.974043453182080410e-01 5.010574889444338043e-01 5.070178811766967719e-01 5.199000192270717413e-01 5.208613728129205533e-01 5.097096712170736676e-01 5.131705441261296130e-01 5.112478369544318779e-01 5.070178811766967719e-01 4.997115939242453564e-01 4.981734281868871461e-01 4.981734281868871461e-01 4.935589309748125153e-01 4.970198038838684607e-01 4.970198038838684607e-01
4.935589309748125153e-01 5.006729475100941684e-01 5.431647760046145468e-01 5.325898865602768373e-01 5.245145164391463721e-01 4.935589309748125153e-01 4.877908094597193100e-01 4.883676216112285973e-01 5.029801961161315393e-01 5.012497596616035667e-01 5.033647375504710642e-01 5.272063064795231568e-01 5.562391847721591676e-01 5.522014997115939350e-01 5.448952124591425195e-01 5.079792347625456950e-01 5.079792347625456950e-01 5.258604114593347090e-01 5.279753893482023175e-01 5.237454335704672115e-01 5.089405883483945070e-01
5.145164391463180609e-01 5.091328590655642694e-01 5.189386656412228183e-01 5.137473562776389002e-01 5.358584887521630202e-01 5.272063064795231568e-01 5.256681407421649466e-01 5.422034224187656237e-01 5.364353009036724185e-01 4.970198038838684607e-01 4.937512016919823332e-01 4.860603730051912819e-01 4.824072293789655741e-01 5.025956546817920145e-01 4.685637377427417927e-01 4.837531243991540220e-01 4.762545664295327885e-01 4.727936935204768432e-01 4.933666602576427529e-01 4.827917708133051544e-01 4.899057873485868075e-01
5.483560853681984648e-01 5.083637761968852198e-01 5.081715054797154574e-01 5.068256104595270095e-01 5.010574889444338043e-01 5.116323783887714027e-01 4.954816381465103059e-01 5.077869640453759326e-01 5.045183618534897496e-01 5.091328590655642694e-01 5.041338204191501138e-01 5.035570082676408266e-01 5.025956546817920145e-01 5.025956546817920145e-01 5.024033839646221411e-01 4.960584502980195931e-01 4.945202845606614384e-01 4.868294558738703870e-01 4.974043453182080410e-01 5.050951740049990368e-01 5.077869640453759326e-01
5.137473562776389002e-01 4.914439530859450178e-01 5.460488367621610939e-01 5.170159584695250832e-01 5.052874447221687992e-01 4.645260526821765046e-01 4.916362238031147802e-01 4.918284945202845426e-01 4.927898481061334102e-01 4.933666602576427529e-01 4.993270524899057761e-01 4.970198038838684607e-01 4.975966160353778034e-01 5.154777927321668729e-01 5.060565275908479599e-01 5.022111132474523787e-01 5.000961353585848812e-01 5.135550855604691378e-01 5.120169198231109275e-01 5.085560469140549822e-01 4.929821188233032281e-01
4.893289751970774648e-01 5.014420303787733291e-01 5.102864833685829549e-01 5.037492789848105890e-01 5.108632955200922421e-01 5.318208036915977877e-01 5.329744279946164731e-01 5.325898865602768373e-01 5.327821572774465997e-01 5.247067871563161345e-01 5.223995385502787636e-01 5.323976158431070749e-01 5.156700634493366353e-01 5.081715054797154574e-01 5.024033839646221411e-01 5.018265718131128539e-01 5.008652182272640419e-01 5.012497596616035667e-01 5.008652182272640419e-01 5.008652182272640419e-01 5.118246491059411651e-01
5.127860026917900882e-01 5.029801961161315393e-01 5.425879638531051485e-01 5.245145164391463721e-01 5.420111517015958613e-01 5.268217650451836320e-01 5.402807152470678886e-01 5.366275716208421809e-01 5.050951740049990368e-01 5.025956546817920145e-01 5.110555662372621155e-01 5.058642568736780865e-01 5.054797154393385616e-01 5.049029032878292744e-01 5.175927706210343704e-01 5.174004999038646080e-01 5.020188425302826163e-01 5.166314170351855584e-01 5.056719861565083241e-01 5.056719861565083241e-01 5.081715054797154574e-01
