5.146344462891225824e-01 5.076246694951730420e-01 5.147881694644284023e-01 4.865031052081411622e-01 4.840742790383077976e-01 4.790321588882739956e-01 4.841050236733689949e-01 4.760191846522781600e-01 4.773412039599089773e-01 4.744204636290967336e-01 4.556969808768369656e-01 4.679026009961261834e-01 4.839513004980630639e-01 4.968333025886982890e-01 4.932669249216011798e-01 4.825985365553711048e-01 4.947734120395990698e-01 4.913915021828690888e-01 5.038430793826477183e-01 4.976634077353501717e-01 5.025210600750169565e-01
5.285617659718379047e-01 5.039045686527701129e-01 5.138965750476541805e-01 5.051958433253397329e-01 5.126053003750845605e-01 5.035663776670971092e-01 5.128820020906351695e-01 5.170325278238947497e-01 5.061489270122363493e-01 5.121748754842280205e-01 5.489454590174014381e-01 5.526348152247433365e-01 5.466396113878128071e-01 5.550328967595155039e-01 5.569083194982475948e-01 5.476849289798929599e-01 5.504826907704605254e-01 5.517739654430301455e-01 5.581381049006948203e-01 5.559244911762897257e-01 5.529730062104162291e-01
5.374162208694582832e-01 5.411978109819836069e-01 5.176474205251183625e-01 5.014757424829366927e-01 5.096230707741499222e-01 5.017216995634261600e-01 5.114062596076984768e-01 5.125745557400234187e-01 5.154338068007132678e-01 5.111295578921478677e-01 5.114370042427596186e-01 5.153415728955297315e-01 5.103916866506794658e-01 5.002767017155506091e-01 4.948656459447826617e-01 5.060874377421139547e-01 5.054418004058292002e-01 5.220439033388674099e-01 5.065178626329704947e-01 5.165098690278546734e-01 5.283158088913484374e-01
5.357560105761544067e-01 5.047346737994220511e-01 4.754042919510545473e-01 5.257025149111480555e-01 5.554940662854331856e-01 5.320051650986902247e-01 5.229662423907027735e-01 5.058414806616245984e-01 4.985242575170632517e-01 5.064256287277869584e-01 5.081165836561519766e-01 5.280698518108589701e-01 5.151878497202238005e-01 5.062411609174198857e-01 5.161409334071204169e-01 5.190924183729939134e-01 5.193383754534833807e-01 5.214597552727049390e-01 5.299452745495910611e-01 5.311750599520383975e-01 5.085470085470085166e-01
5.438111049621840998e-01 5.282850642562872956e-01 5.144499784787555097e-01 5.396298345938633778e-01 5.528192830351104092e-01 5.484535448564225035e-01 4.868105515587530241e-01 5.005226587960400764e-01 4.980015987210231754e-01 5.296685728340404520e-01 5.337268646621164958e-01 5.269323003135952810e-01 5.308061243313041411e-01 5.251798561151078681e-01 5.221668818791120881e-01 5.333886736764434922e-01 5.336961200270552430e-01 5.322203775441185503e-01 5.292688925782450537e-01 5.319436758285679412e-01 5.323741007194244812e-01
4.538523027731660719e-01 4.706388735165713544e-01 4.756502490315440146e-01 4.690094078583287307e-01 4.899772489700547351e-01 4.979708540859619781e-01 5.087929656274979839e-01 5.362479247371333413e-01 5.310520814117936084e-01 5.381848367459878268e-01 5.404291951054540633e-01 5.416589805079013997e-01 5.360942015618274104e-01 5.432269568960216288e-01 5.487609912070343654e-01 5.432884461661440234e-01 5.398143024042304505e-01 5.437188710570005634e-01 5.474389718994036036e-01 5.299452745495910611e-01 5.185390149418925843e-01
5.212752874623378663e-01 5.229969870257640263e-01 5.142040213982660424e-01 5.174322080796901480e-01 5.035971223021582510e-01 5.019061673737932328e-01 4.939740515280083843e-01 4.930517124761729097e-01 5.029207403308122437e-01 5.209985857467871462e-01 5.216749677181331535e-01 5.197688003443399207e-01 5.255795363709032664e-01 5.268400664084117446e-01 5.364323925475004140e-01 5.223206050544180190e-01 5.299145299145299193e-01 5.355100534956650504e-01 5.305601672508147848e-01 5.506364139457664564e-01 5.449179118243866471e-01
4.944659656889872634e-01 4.978171309106561027e-01 4.641825001537231987e-01 4.657197319067822860e-01 4.893623562688310669e-01 4.905921416712783478e-01 4.988009592326139163e-01 4.927442661255611034e-01 5.019984012789767691e-01 4.958187296316792780e-01 4.975711738301666354e-01 5.254565578306585882e-01 5.438418495972452416e-01 5.209063518416036098e-01 5.150033819098567278e-01 5.473159933591588144e-01 5.279776179056754337e-01 5.194306093586669171e-01 5.396605792289245196e-01 5.437496156920617052e-01 5.454098259853655817e-01
5.288692123224497665e-01 5.368013281682346705e-01 5.204144376806247863e-01 5.323741007194244812e-01 5.360634569267662686e-01 5.391379204328844432e-01 5.366168603578675977e-01 5.243190063333947881e-01 5.291459140380003756e-01 5.354485642255426558e-01 5.340650556477894995e-01 5.291766586730615174e-01 5.286539998770214410e-01 5.213675213675214026e-01 5.436573817868781688e-01 5.346492037139519704e-01 5.436881264219394216e-01 5.441492959478571034e-01 5.297608067392239883e-01 5.482075877759331473e-01 5.367090942630511341e-01
5.216442230830720117e-01 5.204144376806247863e-01 5.310828260468548612e-01 5.466703560228740599e-01 5.518047100780913983e-01 5.412593002521060015e-01 5.340035663776671049e-01 5.358174998462768013e-01 5.376929225850088923e-01 5.246571973190677918e-01 5.061489270122363493e-01 5.014757424829366927e-01 4.927750107606222452e-01 4.849658734550820749e-01 4.980323433560843727e-01 5.082395621963967658e-01 5.106683883662300749e-01 5.131894484412470314e-01 5.058107360265633456e-01 5.141425321281436478e-01 5.042735042735042583e-01
5.185082703068314425e-01 4.990776609481645254e-01 5.071020106991329657e-01 4.939125622578859898e-01 4.913607575478078915e-01 4.835516202422677212e-01 5.126667896452069551e-01 4.904384184959724724e-01 5.000614892701223946e-01 4.908688433868290124e-01 4.958187296316792780e-01 5.002767017155506091e-01 5.033204205866076419e-01 4.928672446658058370e-01 5.155875299760191988e-01 5.043964828137490475e-01 4.919449056139703624e-01 4.988624485027362554e-01 5.000000000000000000e-01 5.127282789153292386e-01 5.014142532128144092e-01
5.032281866814241056e-01 5.225665621349074863e-01 5.399372809444752397e-01 5.212137981922154717e-01 5.280698518108589701e-01 5.464551435774457344e-01 5.319436758285679412e-01 5.385230277316608305e-01 5.245034741437618608e-01 5.190309291028715188e-01 5.344954805386460395e-01 5.106068990961076803e-01 5.238578368074771063e-01 5.287769784172662302e-01 5.233659226464981717e-01 5.059337145668081348e-01 5.184467810367090479e-01 5.248724097644961173e-01 5.258254934513927337e-01 5.160179548668757388e-01 5.272397466642071429e-01
4.576031482506302539e-01 5.173707188095677534e-01 5.341265449179117830e-01 5.267478325032282083e-01 5.213675213675214026e-01 5.072249892393777548e-01 4.980323433560843727e-01 4.944967103240484607e-01 5.054418004058292002e-01 5.188157166574433043e-01 5.244419848736395773e-01 5.073479677796224330e-01 5.053188218655844111e-01 5.132201930763081732e-01 4.982475558015126427e-01 5.037201008424030402e-01 5.099305171247617841e-01 5.110680686220254731e-01 5.242267724282112518e-01 5.218594355285002262e-01 5.159872102318145970e-01
5.317592080182008685e-01 5.042735042735042583e-01 5.065486072680317475e-01 4.889011867429133851e-01 4.965873455082088217e-01 4.996003197442046573e-01 4.945274549591096580e-01 4.956342618213122053e-01 4.974481952899219017e-01 4.986779806923691827e-01 4.923753305048269024e-01 5.134661501567976405e-01 5.041197810981983274e-01 5.067023304433376785e-01 5.068867982537047512e-01 5.053495665006456639e-01 5.151878497202238005e-01 5.122056201192891622e-01 5.107606222714136113e-01 5.167558261083441407e-01 5.010453175920801527e-01
4.804464121010883493e-01 4.776793949455819810e-01 4.732214228617106500e-01 4.662731353378835597e-01 4.851810859005103449e-01 4.994158519338375291e-01 4.717149357437127044e-01 4.860726803172846222e-01 5.205374162208694644e-01 5.155567853409580570e-01 5.038738240177088601e-01 5.063948840927258166e-01 5.054418004058292002e-01 5.188772059275655879e-01 5.240115599827830373e-01 5.273934698395129628e-01 5.486687573018508290e-01 5.400295148496587760e-01 5.230584762958864209e-01 5.228740084855192372e-01 5.362171801020721995e-01
4.960031974420463508e-01 5.070405214290106821e-01 5.395068560536185887e-01 4.881633155014449832e-01 4.833364077968394512e-01 4.786017339974174556e-01 4.878866137858943741e-01 4.999692553649388027e-01 5.054725450408903420e-01 4.961876652524134790e-01 5.005534034311012181e-01 5.144192338436942569e-01 5.120211523089220895e-01 5.318821865584455466e-01 5.240730492529053208e-01 5.353870749554202613e-01 5.295148496587345210e-01 5.308676136014265357e-01 5.393838775133739105e-01 5.390149418926397651e-01 5.380926028408042905e-01
5.096845600442723168e-01 5.138043411424706441e-01 5.090389227079874512e-01 5.146037016540613296e-01 5.160486995019368806e-01 5.253643239254750519e-01 5.302834655352640647e-01 5.300067638197134556e-01 5.286232552419602992e-01 5.316669741130173321e-01 5.320359097337514775e-01 5.369550513435406014e-01 5.319744204636290830e-01 5.416589805079013997e-01 5.451946135399372562e-01 5.462706757670786617e-01 5.475004611695258872e-01 5.429809998155321615e-01 5.481768431408718945e-01 5.514357744573571418e-01 5.425813195597368743e-01
5.141732767632047896e-01 5.033819098567300365e-01 5.207526286662976789e-01 5.323433560843632284e-01 5.263481522474328100e-01 5.226895406751521644e-01 5.238270921724159646e-01 5.229354977556416317e-01 4.892701223636475305e-01 5.101764742052511403e-01 5.003996802557953982e-01 5.071942446043165020e-01 5.292688925782450537e-01 5.267785771382893500e-01 5.340343110127282467e-01 5.263481522474328100e-01 5.457172723359773325e-01 5.466396113878128071e-01 5.496525856238086982e-01 5.587529976019184330e-01 5.703437250199839825e-01
5.082703068314579076e-01 5.227202853102134172e-01 4.970177703990653617e-01 5.211523089220930771e-01 5.187849720223820515e-01 5.046424398942384038e-01 5.011375514972636891e-01 5.005841480661624709e-01 5.176474205251183625e-01 5.079628604808460457e-01 5.165406136629158151e-01 5.298222960093463829e-01 5.130049806308799587e-01 5.265326200577998828e-01 5.400910041197810596e-01 5.397835577691693087e-01 5.459632294164667998e-01 5.512205620119289273e-01 5.516817315378466091e-01 5.421201500338190815e-01 5.323126114493020866e-01
5.229047531205804900e-01 5.249646436696796536e-01 5.416282358728401469e-01 5.445489762036525017e-01 5.456250384307937962e-01 5.318514419233844048e-01 5.264096415175552046e-01 5.324663346246080176e-01 5.296993174691015938e-01 5.245034741437618608e-01 5.369243067084793486e-01 5.540798130726187765e-01 5.463936543073233398e-01 5.523888581442538692e-01 5.467318452929963435e-01 5.349566500645637213e-01 5.368628174383569540e-01 5.390764311627620486e-01 5.163561458525487424e-01 5.455328045256102598e-01 5.329275041505256993e-01
5.305294226157535320e-01 5.003689356207341454e-01 4.991698948533481173e-01 5.150341265449178696e-01 5.048576523396667293e-01 5.038430793826477183e-01 5.497755641640533764e-01 5.215212445428272225e-01 5.583533173461231458e-01 5.510975834716841382e-01 5.496218409887474454e-01 5.510668388366229964e-01 5.612433130418742477e-01 5.317284633831396157e-01 5.543872594232306383e-01 5.481460985058107527e-01 5.578306585500829584e-01 5.490069482875238327e-01 5.603824632601610567e-01 5.762466949517309756e-01 5.658242636659902569e-01
