4.985857467871856463e-01 4.933899034618459134e-01 4.898850150648711987e-01 5.156182746110803405e-01 5.307138904261206047e-01 5.124823218348397713e-01 5.261944290721268791e-01 5.155875299760191988e-01 5.290844247678779810e-01 5.376006886798253559e-01 5.193998647236057753e-01 4.989546824079197918e-01 5.087929656274979839e-01 5.102379634753735349e-01 5.232429441062534936e-01 5.198302896144623153e-01 5.118674291336161586e-01 5.182315685912808334e-01 5.116522166881879441e-01 4.992313841234704563e-01 5.065793519030928893e-01
4.974789399249830990e-01 5.079936051159072985e-01 5.063333948226034220e-01 5.166328475680993515e-01 5.048576523396667293e-01 5.036278669372195038e-01 5.227510299452745590e-01 5.195228432638504534e-01 5.192768861833609861e-01 5.095923261390887804e-01 5.024595708048945619e-01 5.327430363401586266e-01 5.309598475066100720e-01 5.265018754227387410e-01 5.176474205251183625e-01 5.124515771997786295e-01 5.178318883354854352e-01 5.168173153784664242e-01 5.174322080796901480e-01 5.258869827215151282e-01 5.419049375883908670e-01
5.143577445735718623e-01 5.370165406136628850e-01 5.438418495972452416e-01 5.141117874930825060e-01 5.106683883662300749e-01 5.251183668449855846e-01 5.084547746418249803e-01 5.146037016540613296e-01 5.166635922031604933e-01 5.119289184037385532e-01 5.320666543688126193e-01 5.365861157228063449e-01 5.367705835331734177e-01 5.295455942937957738e-01 5.247186865891901864e-01 5.272397466642071429e-01 5.400602594847199178e-01 5.410748324417389288e-01 5.421508946688803343e-01 5.466088667527516654e-01 5.364016479124392722e-01
5.412900448871671433e-01 5.122363647543504150e-01 5.083625407366414439e-01 5.049498862448502656e-01 5.002459570804894673e-01 4.971714935743712926e-01 4.964643669679640881e-01 4.892701223636475305e-01 4.854270429809998122e-01 4.790936481583963347e-01 4.765725880833794337e-01 4.860419356822234249e-01 4.620918649695628377e-01 4.618766525241345122e-01 4.658734550820881615e-01 4.942200086084977961e-01 4.816454528684744330e-01 4.854885322511222068e-01 4.963413884277193544e-01 4.979093648158396390e-01 5.162639119473652061e-01
5.488224804771567600e-01 5.135276394269200351e-01 5.213367767324601498e-01 5.348644161593801849e-01 5.141117874930825060e-01 5.200762466949517826e-01 5.159257209616922024e-01 5.229354977556416317e-01 5.217979462583779426e-01 5.410748324417389288e-01 5.463321650372010563e-01 5.453175920801820453e-01 5.412593002521060015e-01 5.424890856545532269e-01 5.487609912070343654e-01 5.540798130726187765e-01 5.377544118551312868e-01 5.480231199655659635e-01 5.485765233966672927e-01 5.452253581749985090e-01 5.467318452929963435e-01
4.852733198056938813e-01 4.829059829059829112e-01 4.798315193998647366e-01 4.807538584517001556e-01 4.909918219270737461e-01 4.991698948533481173e-01 5.003689356207341454e-01 5.034741437619135729e-01 5.028285064256287074e-01 4.956342618213122053e-01 4.948349013097214644e-01 4.902539506856053442e-01 4.973252167496771681e-01 4.973867060197995627e-01 4.966795794133923581e-01 4.992313841234704563e-01 4.945889442292319971e-01 4.956342618213122053e-01 4.980323433560843727e-01 5.009223390518354746e-01 5.049498862448502656e-01
5.188464612925044461e-01 5.266248539629834191e-01 5.084855192768862331e-01 5.141425321281436478e-01 5.233351780114370300e-01 5.190001844678103771e-01 5.204451823156859280e-01 5.307138904261206047e-01 5.120826415790444841e-01 5.110680686220254731e-01 5.148496587345507969e-01 5.417204697780236833e-01 5.396605792289245196e-01 5.469778023734858108e-01 5.439340835024287779e-01 5.277931500953083610e-01 5.356945213060321231e-01 5.288077230523273720e-01 5.493451392731968363e-01 5.575232121994712076e-01 5.428272766402262306e-01
4.887167189325462568e-01 4.724220623501199090e-01 4.919756502490315597e-01 4.829059829059829112e-01 4.817684314087191666e-01 4.775871610403984446e-01 4.762958863678288246e-01 4.862878927627128922e-01 4.734981245772612590e-01 4.693783434790628761e-01 4.627067576707864505e-01 4.604009100411978195e-01 4.652585623808645487e-01 4.768492897989300983e-01 4.726680194306093763e-01 4.787554571727233865e-01 4.791243927934575320e-01 4.947119227694767307e-01 4.925290536801328334e-01 4.886859742974851151e-01 5.065178626329704947e-01
5.098382832195781367e-01 5.208141179364200735e-01 5.142962553034495787e-01 4.753428026809321527e-01 4.798622640349258783e-01 4.584947426674045312e-01 4.734058906720777227e-01 4.600012297854024212e-01 4.850888519953268085e-01 4.806923691815778166e-01 4.898850150648711987e-01 4.759269507470946237e-01 4.704544057062042817e-01 4.723298284449363726e-01 4.792166266986410683e-01 4.736211031175059927e-01 4.767878005288077037e-01 4.878558691508331768e-01 5.086699870872533058e-01 5.013835085777531564e-01 5.095000922339051330e-01
5.184467810367090479e-01 5.154030621656521260e-01 5.201069913300129244e-01 5.455020598905491180e-01 5.520814117936420073e-01 5.300989977248969920e-01 5.453175920801820453e-01 5.395990899588022360e-01 5.320973990038738721e-01 5.407981307261883197e-01 5.277624054602472192e-01 5.340343110127282467e-01 5.420894053987579397e-01 5.364631371825616668e-01 5.369857959786017432e-01 5.298222960093463829e-01 5.260714505318822010e-01 5.075939248601119003e-01 5.184467810367090479e-01 5.242575170632725046e-01 5.223820943245404136e-01
4.764496095431347000e-01 4.975711738301666354e-01 5.048269077046055875e-01 5.220131587038061571e-01 5.162946565824263478e-01 5.251183668449855846e-01 5.324970792596691593e-01 5.450716349996925780e-01 5.441492959478571034e-01 5.251798561151078681e-01 5.312365492221606811e-01 5.327122917050974849e-01 5.263788968824939518e-01 5.308676136014265357e-01 5.178011437004242934e-01 5.222591157842956244e-01 5.363709032773781304e-01 5.393223882432515159e-01 5.215212445428272225e-01 5.366168603578675977e-01 5.171862509992006807e-01
5.334501629465657757e-01 5.007993605115906854e-01 5.376314333148864977e-01 5.413515341572895379e-01 5.374162208694582832e-01 5.325585685297915539e-01 5.238270921724159646e-01 5.009530836868966164e-01 5.007686158765295437e-01 5.120518969439832313e-01 5.256410256410256610e-01 5.203222037754411389e-01 5.154952960708356624e-01 5.325585685297915539e-01 5.276701715550636829e-01 5.458709955112832635e-01 5.244727295087007191e-01 5.400602594847199178e-01 5.208448625714813263e-01 5.142962553034495787e-01 5.392916436081903742e-01
4.684560044272274570e-01 4.797392854946812002e-01 4.899465043349935378e-01 4.734673799422000617e-01 4.551128328106745502e-01 4.808768369919448893e-01 4.760191846522781600e-01 4.820143884892086339e-01 5.024288261698333091e-01 4.933899034618459134e-01 5.139273196827153223e-01 5.137428518723482496e-01 5.277931500953083610e-01 5.449794010945090417e-01 5.292381479431839120e-01 5.285002767017155101e-01 5.341880341880341776e-01 5.474389718994036036e-01 5.593064010330197622e-01 5.511283281067453910e-01 5.624423538092603314e-01
5.313595277624054702e-01 5.005841480661624709e-01 4.920371395191538988e-01 5.113447703375760822e-01 5.049498862448502656e-01 5.213060320973990081e-01 5.223513496894791608e-01 4.996925536493881936e-01 4.968947918588206281e-01 5.009223390518354746e-01 4.824755580151263712e-01 4.806923691815778166e-01 4.739900387382401936e-01 4.799237533050482729e-01 4.862878927627128922e-01 4.831519399864723785e-01 4.861341695874070168e-01 4.879481030560167132e-01 5.014449978478755510e-01 4.905613970362172060e-01 5.099305171247617841e-01
4.770030129742359737e-01 4.612002705527885604e-01 4.562196396728770975e-01 4.601856975957695495e-01 4.502859251060690182e-01 4.818606653139027030e-01 4.663653692430670961e-01 4.629834593863370595e-01 4.707618520568160880e-01 4.727909979708541099e-01 4.801697103855377402e-01 4.880095923261391078e-01 4.897312918895652678e-01 4.947426674045379280e-01 4.973252167496771681e-01 5.043657381786877947e-01 5.138043411424706441e-01 5.053188218655844111e-01 5.063333948226034220e-01 5.078091373055402258e-01 5.228740084855192372e-01
5.399680255795363815e-01 5.141732767632047896e-01 5.371702637889688159e-01 5.141117874930825060e-01 5.252106007501691209e-01 5.609051220562012441e-01 5.398450470392915923e-01 5.181700793211584388e-01 5.287769784172662302e-01 5.268400664084117446e-01 5.469163131033634162e-01 5.438111049621840998e-01 5.576154461046547439e-01 5.685297915513742861e-01 5.674844739592941334e-01 5.776916927996064155e-01 5.714812765172477826e-01 5.854700854700854995e-01 5.669003258931316624e-01 5.719117014081043227e-01 5.643792658181147059e-01
5.336346307569329595e-01 5.411055770768000706e-01 5.435958925167557743e-01 5.238885814425382481e-01 5.098690278546393895e-01 5.000614892701223946e-01 5.057492467564409511e-01 5.101149849351288568e-01 5.103609420156183241e-01 5.020906351841604165e-01 4.900694828752382715e-01 4.794010945090081965e-01 4.944659656889872634e-01 4.967103240484535553e-01 5.055032896759515948e-01 5.064871179979093530e-01 5.165098690278546734e-01 5.134661501567976405e-01 5.209678411117260044e-01 5.202299698702576025e-01 5.247494312242513281e-01
5.211523089220930771e-01 5.231199655660087044e-01 5.206296501260530007e-01 5.061489270122363493e-01 5.287154891471438356e-01 5.324048453544856230e-01 5.226587960400910227e-01 5.150648711799791224e-01 5.015064871179979455e-01 5.126053003750845605e-01 4.999385107298776609e-01 5.091926458832933822e-01 5.220439033388674099e-01 5.234274119166205663e-01 5.189386951976879825e-01 5.283772981614708319e-01 5.314517616675890066e-01 5.343725019984012503e-01 5.357560105761544067e-01 5.403369612002705269e-01 5.379081350304372178e-01
5.130664699010022423e-01 5.288692123224497665e-01 5.198302896144623153e-01 5.222591157842956244e-01 5.118981737686774114e-01 4.771259915144807073e-01 4.854577876160610095e-01 4.780483305663161819e-01 4.789399249830904592e-01 4.919449056139703624e-01 4.597245280698518122e-01 4.762958863678288246e-01 5.020906351841604165e-01 5.088237102625592367e-01 5.065486072680317475e-01 5.126360450101457022e-01 5.095923261390887804e-01 5.010145729570190110e-01 5.071327553341942185e-01 5.103301973805570713e-01 5.055647789460738784e-01
5.493758839082579781e-01 4.789091803480292620e-01 5.368013281682346705e-01 5.241960277931501100e-01 5.264403861526163464e-01 5.127590235503904914e-01 5.122056201192891622e-01 5.012297854024472255e-01 5.084855192768862331e-01 4.964951116030252853e-01 5.195843325339728480e-01 5.041197810981983274e-01 4.890856545532804578e-01 4.987087253274303800e-01 5.174936973498124315e-01 5.170325278238947497e-01 5.282850642562872956e-01 5.253335792904137991e-01 5.381540921109266851e-01 5.414130234274119324e-01 5.326815470700362320e-01
5.252413453852302627e-01 5.119596630387996949e-01 5.122978540244726986e-01 5.110680686220254731e-01 5.281620857160425064e-01 5.126360450101457022e-01 5.162331673123039533e-01 4.978171309106561027e-01 4.932361802865399825e-01 5.225665621349074863e-01 5.304679333456311374e-01 5.288999569575109083e-01 5.347106929840742540e-01 5.299145299145299193e-01 5.341572895529730358e-01 5.323433560843632284e-01 5.407366414560659251e-01 5.448871671893255053e-01 5.387689848121502978e-01 5.360634569267662686e-01 5.406751521859435305e-01
