5.214381849644299516e-01 4.985579696212266709e-01 4.974043453182080410e-01 4.997115939242453564e-01 5.074024226110362967e-01 5.075946933282060591e-01 5.077869640453759326e-01 5.037492789848105890e-01 5.035570082676408266e-01 5.074024226110362967e-01 5.058642568736780865e-01 5.062487983080177223e-01 5.062487983080177223e-01 5.064410690251874847e-01 5.062487983080177223e-01 5.064410690251874847e-01 5.070178811766967719e-01 5.106710248029224797e-01 5.014420303787733291e-01 4.979811574697173837e-01 4.964429917323591734e-01
5.370121130551817057e-01 4.985579696212266709e-01 5.143241684291481874e-01 5.300903672370698150e-01 5.295135550855604167e-01 5.375889252066909929e-01 5.285522014997116047e-01 5.116323783887714027e-01 5.110555662372621155e-01 5.114401076716016403e-01 4.895212459142472827e-01 5.195154777927322165e-01 5.106710248029224797e-01 5.141318977119784250e-01 5.189386656412228183e-01 5.091328590655642694e-01 5.106710248029224797e-01 5.108632955200922421e-01 5.114401076716016403e-01 5.091328590655642694e-01 5.118246491059411651e-01
4.854835608536819946e-01 5.018265718131128539e-01 5.014420303787733291e-01 5.020188425302826163e-01 4.974043453182080410e-01 5.014420303787733291e-01 4.879830801768890725e-01 4.822149586617958117e-01 4.835608536819842596e-01 4.960584502980195931e-01 4.849067487021726519e-01 4.797154393385887339e-01 4.797154393385887339e-01 4.774081907325514185e-01 4.787540857527398663e-01 4.941357431263218580e-01 5.014420303787733291e-01 5.006729475100941684e-01 4.906748702172659127e-01 5.014420303787733291e-01 5.010574889444338043e-01
5.149009805806575857e-01 4.799077100557584963e-01 4.902903287829263879e-01 5.141318977119784250e-01 4.985579696212266709e-01 5.535473947317823828e-01 5.529705825802729846e-01 5.562391847721591676e-01 5.562391847721591676e-01 5.560469140549894052e-01 5.668140742164968771e-01 5.771966929436647131e-01 5.841184387617766038e-01 5.746971736204575798e-01 5.608536819842337984e-01 5.608536819842337984e-01 5.589309748125360633e-01 5.572005383580080906e-01 5.558546433378196427e-01 5.562391847721591676e-01 5.616227648529128480e-01
4.904825995000961503e-01 5.237454335704672115e-01 5.275908479138626817e-01 5.085560469140549822e-01 4.758700249951932082e-01 4.900980580657565699e-01 5.091328590655642694e-01 4.668333012882138200e-01 4.670255720053835824e-01 4.670255720053835824e-01 4.670255720053835824e-01 4.666410305710440576e-01 4.666410305710440576e-01 4.752932128436839210e-01 4.727936935204768432e-01 4.847144779850028895e-01 4.849067487021726519e-01 5.022111132474523787e-01 5.025956546817920145e-01 5.404729859642376510e-01 5.233608921361276867e-01
4.751009421265141586e-01 4.985579696212266709e-01 5.137473562776389002e-01 5.099019419342434301e-01 5.056719861565083241e-01 4.974043453182080410e-01 4.774081907325514185e-01 4.902903287829263879e-01 4.983656989040569085e-01 4.945202845606614384e-01 4.858681022880215195e-01 4.922130359546241229e-01 4.925975773889636478e-01 4.906748702172659127e-01 4.764468371467025509e-01 4.812536050759469441e-01 4.860603730051912819e-01 4.850990194193424143e-01 4.877908094597193100e-01 4.874062680253797297e-01 4.970198038838684607e-01
5.322053451259373125e-01 5.206691020957507909e-01 5.127860026917900882e-01 5.104787540857527173e-01 5.214381849644299516e-01 5.312439915400883894e-01 5.252835993078254218e-01 5.283599307825418423e-01 5.887329359738512347e-01 5.966160353778119374e-01 5.893097481253605219e-01 5.893097481253605219e-01 5.135550855604691378e-01 5.137473562776389002e-01 5.522014997115939350e-01 5.454720246106518067e-01 5.447029417419726460e-01 5.447029417419726460e-01 5.437415881561238340e-01 5.347048644491444458e-01 5.264372236108441072e-01
4.683714670255720303e-01 5.014420303787733291e-01 5.014420303787733291e-01 5.014420303787733291e-01 5.077869640453759326e-01 4.985579696212266709e-01 5.050951740049990368e-01 4.975966160353778034e-01 5.022111132474523787e-01 5.031724668333013017e-01 5.058642568736780865e-01 4.843299365506633092e-01 4.804845222072678390e-01 4.758700249951932082e-01 4.887521630455681776e-01 4.866371851567006246e-01 5.054797154393385616e-01 5.039415497019803514e-01 4.889444337627379400e-01 4.920207652374543605e-01 4.845222072678331271e-01
5.273985771966929192e-01 5.052874447221687992e-01 5.002884060757546436e-01 4.941357431263218580e-01 5.408575273985771759e-01 5.389348202268794408e-01 5.343203230148048100e-01 5.295135550855604167e-01 5.579696212266871402e-01 5.448952124591425195e-01 5.372043837723514681e-01 5.120169198231109275e-01 5.116323783887714027e-01 5.206691020957507909e-01 5.174004999038646080e-01 5.341280522976350476e-01 5.373966544895212305e-01 5.122091905402806900e-01 5.427802345702749109e-01 5.439338588732935964e-01 5.502787925398961999e-01
5.279753893482023175e-01 5.383580080753701536e-01 5.154777927321668729e-01 4.924053066717938854e-01 4.958661795808498307e-01 4.831763122476446792e-01 4.910594116516054375e-01 4.800999807729282587e-01 4.802922514900980766e-01 5.054797154393385616e-01 4.989425110555662513e-01 4.924053066717938854e-01 4.924053066717938854e-01 4.924053066717938854e-01 4.925975773889636478e-01 4.945202845606614384e-01 4.935589309748125153e-01 4.945202845606614384e-01 5.002884060757546436e-01 4.941357431263218580e-01 4.902903287829263879e-01
4.843299365506633092e-01 5.089405883483945070e-01 5.077869640453759326e-01 5.068256104595270095e-01 5.068256104595270095e-01 5.056719861565083241e-01 5.056719861565083241e-01 5.020188425302826163e-01 5.252835993078254218e-01 5.254758700249951842e-01 5.256681407421649466e-01 5.256681407421649466e-01 5.248990578734858969e-01 5.250913285906556593e-01 5.248990578734858969e-01 5.248990578734858969e-01 5.247067871563161345e-01 5.247067871563161345e-01 5.174004999038646080e-01 5.200922899442415037e-01 5.175927706210343704e-01
5.097096712170736676e-01 5.029801961161315393e-01 5.014420303787733291e-01 5.014420303787733291e-01 5.218227263987694764e-01 5.014420303787733291e-01 5.014420303787733291e-01 5.014420303787733291e-01 5.014420303787733291e-01 5.014420303787733291e-01 5.047106325706595120e-01 5.014420303787733291e-01 5.085560469140549822e-01 5.158623341665063977e-01 5.137473562776389002e-01 5.012497596616035667e-01 5.008652182272640419e-01 5.008652182272640419e-01 5.002884060757546436e-01 5.004806767929244060e-01 5.014420303787733291e-01
4.716400692174581577e-01 4.929821188233032281e-01 5.014420303787733291e-01 5.014420303787733291e-01 5.024033839646221411e-01 5.024033839646221411e-01 5.127860026917900882e-01 5.056719861565083241e-01 5.024033839646221411e-01 5.212459142472601892e-01 5.149009805806575857e-01 5.208613728129205533e-01 5.183618534897135310e-01 5.191309363583925807e-01 5.366275716208421809e-01 5.335512401461257603e-01 5.385502787925399160e-01 5.323976158431070749e-01 5.325898865602768373e-01 5.348971351663142082e-01 5.322053451259373125e-01
5.020188425302826163e-01 4.860603730051912819e-01 5.100942126514131925e-01 4.972120746010382786e-01 4.814458757931167066e-01 4.927898481061334102e-01 4.914439530859450178e-01 4.945202845606614384e-01 5.485483560853682272e-01 5.475870024995193042e-01 5.368198423380119433e-01 5.195154777927322165e-01 5.174004999038646080e-01 5.183618534897135310e-01 5.160546048836762711e-01 5.150932512978273481e-01 5.097096712170736676e-01 5.091328590655642694e-01 5.152855220149971105e-01 5.170159584695250832e-01 5.381657373582003911e-01
4.626033455104787695e-01 4.947125552778312008e-01 4.770236492982118937e-01 4.935589309748125153e-01 4.824072293789655741e-01 4.910594116516054375e-01 4.983656989040569085e-01 5.091328590655642694e-01 5.075946933282060591e-01 5.056719861565083241e-01 5.064410690251874847e-01 5.087483176312247446e-01 5.193232070755623431e-01 5.075946933282060591e-01 5.075946933282060591e-01 5.099019419342434301e-01 5.143241684291481874e-01 5.120169198231109275e-01 5.124014612574504524e-01 5.124014612574504524e-01 5.106710248029224797e-01
4.935589309748125153e-01 5.008652182272640419e-01 4.866371851567006246e-01 5.039415497019803514e-01 5.116323783887714027e-01 4.993270524899057761e-01 5.106710248029224797e-01 5.087483176312247446e-01 4.987502403383964888e-01 5.122091905402806900e-01 5.045183618534897496e-01 4.985579696212266709e-01 4.985579696212266709e-01 4.985579696212266709e-01 5.106710248029224797e-01 5.222072678331090012e-01 5.102864833685829549e-01 5.104787540857527173e-01 5.199000192270717413e-01 5.177850413382042438e-01 5.162468756008460335e-01
5.145164391463180609e-01 5.125937319746202148e-01 5.189386656412228183e-01 5.174004999038646080e-01 5.199000192270717413e-01 5.199000192270717413e-01 5.124014612574504524e-01 5.264372236108441072e-01 4.962507210151894110e-01 4.954816381465103059e-01 5.152855220149971105e-01 5.125937319746202148e-01 4.950970967121707256e-01 4.891367044799077024e-01 4.893289751970774648e-01 5.102864833685829549e-01 5.018265718131128539e-01 4.981734281868871461e-01 5.006729475100941684e-01 5.047106325706595120e-01 5.047106325706595120e-01
5.483560853681984648e-01 5.083637761968852198e-01 4.962507210151894110e-01 5.139396269948086626e-01 4.875985387425494921e-01 5.285522014997116047e-01 5.279753893482023175e-01 5.279753893482023175e-01 5.564314554893289300e-01 5.518169582772544102e-01 5.512401461257450119e-01 5.454720246106518067e-01 5.439338588732935964e-01 5.170159584695250832e-01 4.995193232070755385e-01 5.104787540857527173e-01 4.995193232070755385e-01 4.824072293789655741e-01 4.927898481061334102e-01 4.927898481061334102e-01 4.897135166314170451e-01
5.137473562776389002e-01 4.929821188233032281e-01 5.120169198231109275e-01 5.018265718131128539e-01 4.987502403383964888e-01 5.068256104595270095e-01 5.266294943280138696e-01 5.187463949240530559e-01 5.245145164391463721e-01 5.258604114593347090e-01 5.235531628532974491e-01 5.243222457219764987e-01 5.258604114593347090e-01 5.258604114593347090e-01 5.310517208229186270e-01 5.322053451259373125e-01 5.458565660449913315e-01 5.258604114593347090e-01 5.283599307825418423e-01 5.322053451259373125e-01 5.281676600653720799e-01
4.893289751970774648e-01 4.985579696212266709e-01 4.989425110555662513e-01 5.056719861565083241e-01 4.993270524899057761e-01 4.975966160353778034e-01 4.833685829648144416e-01 5.223995385502787636e-01 4.925975773889636478e-01 4.925975773889636478e-01 5.060565275908479599e-01 4.964429917323591734e-01 5.052874447221687992e-01 4.979811574697173837e-01 4.974043453182080410e-01 4.974043453182080410e-01 5.283599307825418423e-01 5.212459142472601892e-01 5.352816766006537330e-01 5.395116323783887280e-01 5.391270909440492032e-01
5.127860026917900882e-01 5.029801961161315393e-01 5.143241684291481874e-01 5.147087098634878233e-01 4.881753508940588349e-01 4.885598923283983597e-01 4.958661795808498307e-01 5.331666987117862355e-01 5.341280522976350476e-01 5.337435108632955227e-01 5.354739473178234954e-01 5.348971351663142082e-01 5.331666987117862355e-01 5.304749086714093398e-01 5.325898865602768373e-01 5.306671793885791022e-01 5.202845606614112661e-01 5.200922899442415037e-01 5.166314170351855584e-01 5.254758700249951842e-01 5.258604114593347090e-01
