5.214381849644299516e-01 4.985579696212266709e-01 5.535473947317823828e-01 5.310517208229186270e-01 5.223995385502787636e-01 5.212459142472601892e-01 5.195154777927322165e-01 5.208613728129205533e-01 5.204768313785810285e-01 5.191309363583925807e-01 5.193232070755623431e-01 5.239377042876369739e-01 5.227840799846182884e-01 5.168236877523553208e-01 4.931743895404729905e-01 4.741395885406652355e-01 4.812536050759469441e-01 4.966352624495289358e-01 4.908671409344356751e-01 5.227840799846182884e-01 5.214381849644299516e-01
5.370121130551817057e-01 5.066333397423572471e-01 5.081715054797154574e-01 5.093251297827341428e-01 5.083637761968852198e-01 5.087483176312247446e-01 5.087483176312247446e-01 5.087483176312247446e-01 5.095174004999039052e-01 5.024033839646221411e-01 5.102864833685829549e-01 5.079792347625456950e-01 4.916362238031147802e-01 5.302826379542395774e-01 4.947125552778312008e-01 5.200922899442415037e-01 5.212459142472601892e-01 5.102864833685829549e-01 5.345125937319745724e-01 5.062487983080177223e-01 5.479715439338588290e-01
4.854835608536819946e-01 4.897135166314170451e-01 4.947125552778312008e-01 4.968275331666986983e-01 4.910594116516054375e-01 5.004806767929244060e-01 4.954816381465103059e-01 4.989425110555662513e-01 4.862526437223610998e-01 4.814458757931167066e-01 5.070178811766967719e-01 4.954816381465103059e-01 4.981734281868871461e-01 5.156700634493366353e-01 5.002884060757546436e-01 5.006729475100941684e-01 4.995193232070755385e-01 5.018265718131128539e-01 4.956739088636800683e-01 4.854835608536819946e-01 5.045183618534897496e-01
5.149009805806575857e-01 4.804845222072678390e-01 5.298980965199000526e-01 5.314362622572582628e-01 5.462411074793308563e-01 5.539319361661219077e-01 5.250913285906556593e-01 5.558546433378196427e-01 5.318208036915977877e-01 5.395116323783887280e-01 5.375889252066909929e-01 5.341280522976350476e-01 5.352816766006537330e-01 5.356662180349932578e-01 5.343203230148048100e-01 5.337435108632955227e-01 5.495097096712170393e-01 5.522014997115939350e-01 5.375889252066909929e-01 5.335512401461257603e-01 5.174004999038646080e-01
4.904825995000961503e-01 5.072101518938665343e-01 5.406652566814074135e-01 5.304749086714093398e-01 5.479715439338588290e-01 5.210536435300903157e-01 5.095174004999039052e-01 5.050951740049990368e-01 5.052874447221687992e-01 5.100942126514131925e-01 5.185541242068832934e-01 5.183618534897135310e-01 5.183618534897135310e-01 5.183618534897135310e-01 5.166314170351855584e-01 5.168236877523553208e-01 5.168236877523553208e-01 5.164391463180157960e-01 5.164391463180157960e-01 5.164391463180157960e-01 5.164391463180157960e-01
4.751009421265141586e-01 5.135550855604691378e-01 4.887521630455681776e-01 5.016343010959430915e-01 4.931743895404729905e-01 5.187463949240530559e-01 5.018265718131128539e-01 4.906748702172659127e-01 5.079792347625456950e-01 4.999038646414151188e-01 4.910594116516054375e-01 4.689482791770813175e-01 4.827917708133051544e-01 4.879830801768890725e-01 4.799077100557584963e-01 4.987502403383964888e-01 5.004806767929244060e-01 5.031724668333013017e-01 5.014420303787733291e-01 4.952893674293404880e-01 4.968275331666986983e-01
5.322053451259373125e-01 4.937512016919823332e-01 5.052874447221687992e-01 4.731782349548163680e-01 5.010574889444338043e-01 4.702941741972697653e-01 4.868294558738703870e-01 4.645260526821765046e-01 4.683714670255720303e-01 4.893289751970774648e-01 4.870217265910402049e-01 4.820226879446260493e-01 4.918284945202845426e-01 4.952893674293404880e-01 4.989425110555662513e-01 4.979811574697173837e-01 4.943280138434916204e-01 5.112478369544318779e-01 5.093251297827341428e-01 5.010574889444338043e-01 5.010574889444338043e-01
4.683714670255720303e-01 5.137473562776389002e-01 5.091328590655642694e-01 5.087483176312247446e-01 5.093251297827341428e-01 5.183618534897135310e-01 5.033647375504710642e-01 4.999038646414151188e-01 5.060565275908479599e-01 5.016343010959430915e-01 5.158623341665063977e-01 5.200922899442415037e-01 5.287444722168813671e-01 5.297058258027302902e-01 5.285522014997116047e-01 5.285522014997116047e-01 5.204768313785810285e-01 4.899057873485868075e-01 4.831763122476446792e-01 4.839453951163237844e-01 4.850990194193424143e-01
5.273985771966929192e-01 5.012497596616035667e-01 5.018265718131128539e-01 5.025956546817920145e-01 5.024033839646221411e-01 5.033647375504710642e-01 5.104787540857527173e-01 4.852912901365122322e-01 4.937512016919823332e-01 5.022111132474523787e-01 4.891367044799077024e-01 4.712555277831186329e-01 5.018265718131128539e-01 4.827917708133051544e-01 4.910594116516054375e-01 4.818304172274562314e-01 4.856758315708517570e-01 4.760622957123630261e-01 4.676023841568929251e-01 4.862526437223610998e-01 4.989425110555662513e-01
5.279753893482023175e-01 4.950970967121707256e-01 4.962507210151894110e-01 4.974043453182080410e-01 4.975966160353778034e-01 4.975966160353778034e-01 4.975966160353778034e-01 4.977888867525475658e-01 4.975966160353778034e-01 4.975966160353778034e-01 4.975966160353778034e-01 4.977888867525475658e-01 4.975966160353778034e-01 4.943280138434916204e-01 5.264372236108441072e-01 5.108632955200922421e-01 5.045183618534897496e-01 5.279753893482023175e-01 5.220149971159392388e-01 5.250913285906556593e-01 5.241299750048067363e-01
4.843299365506633092e-01 5.029801961161315393e-01 5.218227263987694764e-01 5.006729475100941684e-01 4.802922514900980766e-01 5.039415497019803514e-01 4.935589309748125153e-01 5.273985771966929192e-01 5.206691020957507909e-01 5.268217650451836320e-01 5.272063064795231568e-01 5.268217650451836320e-01 5.372043837723514681e-01 5.210536435300903157e-01 5.212459142472601892e-01 5.204768313785810285e-01 5.304749086714093398e-01 5.174004999038646080e-01 5.181695827725437686e-01 5.166314170351855584e-01 5.070178811766967719e-01
5.097096712170736676e-01 5.116323783887714027e-01 5.079792347625456950e-01 5.089405883483945070e-01 5.068256104595270095e-01 5.066333397423572471e-01 5.070178811766967719e-01 5.070178811766967719e-01 5.075946933282060591e-01 5.060565275908479599e-01 5.062487983080177223e-01 5.058642568736780865e-01 5.172082291866948456e-01 5.174004999038646080e-01 5.174004999038646080e-01 5.235531628532974491e-01 5.102864833685829549e-01 5.164391463180157960e-01 5.164391463180157960e-01 5.122091905402806900e-01 5.122091905402806900e-01
4.716400692174581577e-01 4.929821188233032281e-01 4.908671409344356751e-01 5.022111132474523787e-01 5.077869640453759326e-01 4.941357431263218580e-01 4.726014228033070808e-01 4.943280138434916204e-01 4.752932128436839210e-01 4.802922514900980766e-01 4.718323399346279756e-01 4.701019034801000029e-01 4.629878869448182943e-01 4.774081907325514185e-01 4.772159200153816561e-01 4.929821188233032281e-01 4.825995000961353365e-01 4.845222072678331271e-01 4.850990194193424143e-01 5.047106325706595120e-01 5.047106325706595120e-01
5.020188425302826163e-01 4.937512016919823332e-01 4.783695443184002860e-01 4.962507210151894110e-01 4.824072293789655741e-01 4.754854835608536834e-01 4.708709863487791081e-01 4.689482791770813175e-01 4.797154393385887339e-01 4.941357431263218580e-01 4.908671409344356751e-01 4.987502403383964888e-01 4.710632570659488705e-01 4.814458757931167066e-01 4.868294558738703870e-01 4.975966160353778034e-01 4.962507210151894110e-01 4.835608536819842596e-01 4.733705056719861304e-01 5.089405883483945070e-01 5.099019419342434301e-01
4.626033455104787695e-01 4.989425110555662513e-01 4.918284945202845426e-01 4.912516823687752554e-01 4.914439530859450178e-01 4.914439530859450178e-01 4.914439530859450178e-01 4.914439530859450178e-01 4.914439530859450178e-01 4.914439530859450178e-01 4.914439530859450178e-01 4.912516823687752554e-01 4.912516823687752554e-01 4.912516823687752554e-01 4.912516823687752554e-01 4.912516823687752554e-01 4.912516823687752554e-01 4.912516823687752554e-01 4.912516823687752554e-01 4.964429917323591734e-01 5.014420303787733291e-01
4.935589309748125153e-01 5.006729475100941684e-01 5.431647760046145468e-01 5.325898865602768373e-01 5.550855604691405931e-01 4.993270524899057761e-01 5.293212843683906543e-01 5.039415497019803514e-01 4.891367044799077024e-01 4.897135166314170451e-01 5.187463949240530559e-01 5.358584887521630202e-01 5.414343395500865741e-01 5.075946933282060591e-01 5.389348202268794408e-01 5.445106710248028836e-01 5.518169582772544102e-01 5.489328975197077520e-01 5.531628532974427470e-01 5.458565660449913315e-01 5.375889252066909929e-01
5.145164391463180609e-01 5.091328590655642694e-01 5.191309363583925807e-01 5.204768313785810285e-01 5.204768313785810285e-01 5.204768313785810285e-01 5.202845606614112661e-01 5.202845606614112661e-01 5.202845606614112661e-01 5.210536435300903157e-01 5.206691020957507909e-01 5.197077485099019789e-01 5.206691020957507909e-01 5.193232070755623431e-01 5.212459142472601892e-01 5.193232070755623431e-01 5.029801961161315393e-01 5.229763507017881619e-01 5.104787540857527173e-01 5.131705441261296130e-01 5.127860026917900882e-01
5.483560853681984648e-01 5.083637761968852198e-01 5.081715054797154574e-01 5.077869640453759326e-01 5.075946933282060591e-01 5.095174004999039052e-01 5.022111132474523787e-01 5.093251297827341428e-01 4.939434724091520956e-01 5.016343010959430915e-01 5.193232070755623431e-01 5.068256104595270095e-01 5.022111132474523787e-01 5.072101518938665343e-01 5.004806767929244060e-01 5.066333397423572471e-01 5.181695827725437686e-01 5.279753893482023175e-01 5.362430301865025450e-01 5.443184003076331212e-01 5.366275716208421809e-01
5.137473562776389002e-01 4.914439530859450178e-01 5.460488367621610939e-01 5.170159584695250832e-01 4.702941741972697653e-01 4.639492405306671619e-01 4.581811190155739011e-01 4.824072293789655741e-01 4.931743895404729905e-01 5.283599307825418423e-01 5.118246491059411651e-01 5.139396269948086626e-01 5.231686214189579243e-01 5.229763507017881619e-01 5.289367429340511295e-01 5.225918092674485260e-01 5.245145164391463721e-01 5.143241684291481874e-01 5.114401076716016403e-01 5.166314170351855584e-01 5.158623341665063977e-01
4.893289751970774648e-01 5.014420303787733291e-01 5.081715054797154574e-01 5.060565275908479599e-01 5.056719861565083241e-01 5.062487983080177223e-01 5.064410690251874847e-01 5.083637761968852198e-01 5.099019419342434301e-01 5.068256104595270095e-01 5.402807152470678886e-01 5.079792347625456950e-01 5.079792347625456950e-01 5.091328590655642694e-01 5.314362622572582628e-01 5.429725052874446733e-01 5.304749086714093398e-01 5.168236877523553208e-01 5.464333781965006187e-01 5.302826379542395774e-01 5.100942126514131925e-01
5.127860026917900882e-01 5.029801961161315393e-01 5.125937319746202148e-01 4.793308979042492091e-01 4.893289751970774648e-01 5.200922899442415037e-01 5.058642568736780865e-01 4.964429917323591734e-01 5.166314170351855584e-01 5.120169198231109275e-01 5.262449528936743448e-01 5.302826379542395774e-01 5.218227263987694764e-01 4.824072293789655741e-01 4.875985387425494921e-01 4.845222072678331271e-01 5.210536435300903157e-01 5.089405883483945070e-01 4.952893674293404880e-01 4.964429917323591734e-01 4.964429917323591734e-01
