5.153723175305908732e-01 5.059644592018692766e-01 5.266248539629834191e-01 5.190924183729939134e-01 5.437496156920617052e-01 5.272704912992682846e-01 4.762651417327676273e-01 4.985242575170632517e-01 5.108528561765971476e-01 5.003381909856730037e-01 5.054418004058292002e-01 5.141425321281436478e-01 5.088237102625592367e-01 5.250261329398020482e-01 5.388919633523949759e-01 5.121748754842280205e-01 5.085162639119473749e-01 5.146344462891225824e-01 5.220439033388674099e-01 5.221976265141732299e-01 5.250876222099243318e-01
4.988931931377974527e-01 5.116214720531266913e-01 5.129742359958187059e-01 5.049806308799114074e-01 4.940662854331919207e-01 4.635061181823771914e-01 4.661809014326999678e-01 4.889626760130357241e-01 4.479800774764803317e-01 4.594478263543011476e-01 4.668880280391071724e-01 4.666420709586177051e-01 4.767570558937465619e-01 4.750661009653815436e-01 4.808460923568837475e-01 4.944659656889872634e-01 4.873639549898542978e-01 4.864723605730800204e-01 5.016294656582426237e-01 5.208141179364200735e-01 5.295455942937957738e-01
5.087314763573755894e-01 5.060566931070528129e-01 4.939433068929471871e-01 4.813994957879850212e-01 5.043964828137490475e-01 4.955727725511898107e-01 4.874869335300989759e-01 4.747893992498308791e-01 4.782942876468056492e-01 4.801697103855377402e-01 4.794933284141917329e-01 4.876714013404661041e-01 4.830904507163499839e-01 4.699932361802865444e-01 4.772797146897866383e-01 4.945889442292319971e-01 4.786632232675397947e-01 4.855500215212445458e-01 5.006456373362848655e-01 5.117751952284326222e-01 5.139580643177765751e-01
4.835516202422677212e-01 5.145114677488777932e-01 5.444259976634077125e-01 5.459939740515280526e-01 5.344339912685236449e-01 5.309905921416713248e-01 5.348644161593801849e-01 5.270552788538399591e-01 5.344647359035847867e-01 5.415667466027178634e-01 5.219209247986226208e-01 5.222283711492344827e-01 5.248416651294348645e-01 5.103301973805570713e-01 5.316977187480784739e-01 5.454713152554878652e-01 5.393838775133739105e-01 5.501444997847875218e-01 5.562934267970238711e-01 5.437803603271229580e-01 5.471315255487917417e-01
5.430424890856545561e-01 5.066715858082764257e-01 5.273319805693906792e-01 5.442722744881017816e-01 5.300682530898358502e-01 5.344954805386460395e-01 5.185697595769538371e-01 5.264711307876775992e-01 5.207526286662976789e-01 5.232121994711922408e-01 5.287462337822049774e-01 5.361556908319498049e-01 5.124208325647174878e-01 5.262866629773104155e-01 5.246571973190677918e-01 5.174936973498124315e-01 5.050728647850950548e-01 4.944967103240484607e-01 5.071327553341942185e-01 5.170325278238947497e-01 5.285310213367767629e-01
4.559429379573264329e-01 5.261944290721268791e-01 5.108221115415360059e-01 4.835516202422677212e-01 4.961261759822910844e-01 5.179241222406689715e-01 5.206603947611141425e-01 5.120211523089220895e-01 5.125130664699010241e-01 4.947119227694767307e-01 5.013220193076308728e-01 5.218594355285002262e-01 5.400602594847199178e-01 5.139273196827153223e-01 4.991084055832257227e-01 5.023365922646497728e-01 4.970177703990653617e-01 4.954805386460062744e-01 4.825063026501875685e-01 4.922216073295209715e-01 4.774334378650925137e-01
5.156797638812027351e-01 5.337268646621164958e-01 4.807538584517001556e-01 4.848121502797761995e-01 4.955112832810674717e-01 4.950808583902109317e-01 5.092233905183545239e-01 5.213982660025825444e-01 5.249646436696796536e-01 5.053803111357068056e-01 5.275471930148188937e-01 5.102687081104346767e-01 4.737440816577507263e-01 4.946504334993543361e-01 5.150956158150402642e-01 4.835516202422677212e-01 4.821066223943921702e-01 5.012912746725696200e-01 4.859497017770398886e-01 4.780483305663161819e-01 4.854885322511222068e-01
4.892086330935251914e-01 4.854885322511222068e-01 5.058414806616245984e-01 5.023365922646497728e-01 4.890549099182192605e-01 4.884092725819344505e-01 4.923138412347045634e-01 4.747893992498308791e-01 4.898542704298100015e-01 4.765725880833794337e-01 4.778638627559491092e-01 4.776793949455819810e-01 4.688249400479616580e-01 4.675644100104531797e-01 4.606468671216872868e-01 4.634138842771936551e-01 4.614462276332779722e-01 4.772182254196642437e-01 4.762958863678288246e-01 4.685482383324109934e-01 4.737133370226895290e-01
5.186005042120149788e-01 5.436266371518170271e-01 5.047039291643607983e-01 5.149418926397343332e-01 4.725757855254258399e-01 4.892086330935251914e-01 4.701777039906536171e-01 4.538523027731660719e-01 4.674414314702084461e-01 4.842280022136137285e-01 4.638135645329889978e-01 4.943429871487425298e-01 4.865645944782635568e-01 5.083010514665190493e-01 4.927750107606222452e-01 5.012605300375084783e-01 5.089159441677427731e-01 5.174936973498124315e-01 5.181700793211584388e-01 5.238578368074771063e-01 5.201684806001353190e-01
5.194920986287893117e-01 5.135583840619811768e-01 5.104839205558630022e-01 4.863186373977740895e-01 4.746664207095862009e-01 4.840742790383077976e-01 4.804464121010883493e-01 4.977863862755949054e-01 4.984935128820021100e-01 4.882248047715673778e-01 5.047346737994220511e-01 4.837053434175736522e-01 5.064563733628482112e-01 5.137735965074095024e-01 5.244112402385783245e-01 5.257947488163315919e-01 5.380618582057431487e-01 5.396605792289245196e-01 5.378159011252536814e-01 5.391379204328844432e-01 5.379081350304372178e-01
5.030437188710570329e-01 5.027977617905675656e-01 4.865953391133246986e-01 4.948963905798438034e-01 5.043349935436266529e-01 5.172784849043842170e-01 5.164176351226711370e-01 5.076554141302342948e-01 5.146959355592448659e-01 5.041197810981983274e-01 5.229354977556416317e-01 5.245342187788231136e-01 4.850581073602656113e-01 4.927442661255611034e-01 4.802926889257824739e-01 4.783557769169279883e-01 4.833056631617782539e-01 4.739285494681177990e-01 4.888396974727909905e-01 4.919141609789091651e-01 5.042120150033818637e-01
5.344954805386460395e-01 5.248109204943737227e-01 5.202299698702576025e-01 5.081473282912132294e-01 4.835516202422677212e-01 4.929902232060505707e-01 4.884400172169956478e-01 4.896390579843817314e-01 4.906536309414007424e-01 4.918834163438480234e-01 4.891163991883416551e-01 4.943429871487425298e-01 4.964336223329028908e-01 4.971100043042488981e-01 5.119904076738609477e-01 5.207526286662976789e-01 5.231507102010699573e-01 5.324355899895468758e-01 5.361864354670110577e-01 5.146959355592448659e-01 5.213675213675214026e-01
4.817376867736579693e-01 4.770952468794195656e-01 4.613232490930332386e-01 4.407243436020414351e-01 4.765725880833794337e-01 4.719916374592633690e-01 4.941277747033142598e-01 4.634753735473159941e-01 4.959724528069851535e-01 4.734981245772612590e-01 4.884092725819344505e-01 4.912992682776855524e-01 4.762036524626452882e-01 4.877021459755272459e-01 4.940047961630695261e-01 4.809998155321896229e-01 4.787862018077845283e-01 5.043349935436266529e-01 5.032281866814241056e-01 5.144807231138166514e-01 5.133431716165529624e-01
5.312672938572219339e-01 4.789706696181516565e-01 4.827522597306769803e-01 4.871487425444259722e-01 4.967103240484535553e-01 4.985242575170632517e-01 4.582487855869150639e-01 4.663653692430670961e-01 4.586792104777716039e-01 4.641210108836008041e-01 4.656889872717210888e-01 4.564963413884277066e-01 4.648281374900080087e-01 4.453667834962798944e-01 4.491791182438664709e-01 4.710385537723666971e-01 4.649203713951915451e-01 4.961876652524134790e-01 5.023980815347721673e-01 4.824448133800651739e-01 4.987087253274303800e-01
4.719301481891409744e-01 4.611695259177273631e-01 4.577876160609973821e-01 4.670417512144131034e-01 4.718994035540798326e-01 4.667343048638012415e-01 4.477033757609297226e-01 4.565885752936112429e-01 4.315624423538092502e-01 4.334378650925413412e-01 4.496095431347230109e-01 4.670724958494742451e-01 4.738978048330566573e-01 4.619073971591957095e-01 4.622763327799299105e-01 4.797392854946812002e-01 4.896698026194429287e-01 4.940047961630695261e-01 4.798007747648035393e-01 4.884707618520567896e-01 4.961569206173522817e-01
4.838898112279407249e-01 5.204759269507470698e-01 5.190616737379327716e-01 5.367705835331734177e-01 5.099920063948840676e-01 5.051650986902785911e-01 4.861034249523458195e-01 4.921293734243374352e-01 4.984935128820021100e-01 5.334809075816270285e-01 5.351411178749307940e-01 5.334501629465657757e-01 5.226587960400910227e-01 5.400602594847199178e-01 5.533111971960892328e-01 5.365861157228063449e-01 5.136506179671647132e-01 5.266555985980446719e-01 5.091619012482321294e-01 5.142040213982660424e-01 5.309905921416713248e-01
5.344339912685236449e-01 5.269323003135952810e-01 5.091311566131709876e-01 5.119289184037385532e-01 5.267170878681669555e-01 5.093463690585993131e-01 5.006763819713460073e-01 4.950808583902109317e-01 4.817684314087191666e-01 4.849966180901432722e-01 4.650433499354362787e-01 4.824755580151263712e-01 4.792473713337022656e-01 4.668265387689848334e-01 4.593863370841788085e-01 4.540060259484720029e-01 4.834901309721453821e-01 4.949271352149050007e-01 4.910533111971960851e-01 4.971407489393100954e-01 5.010453175920801527e-01
5.074402016848059693e-01 5.085470085470085166e-01 5.084240300067638385e-01 5.096538154092110640e-01 4.959109635368628144e-01 5.202607145053188553e-01 5.106991330012913277e-01 5.000614892701223946e-01 5.093771136936604549e-01 5.082395621963967658e-01 4.935436266371518443e-01 4.696857898296747380e-01 4.814917296931685575e-01 4.906536309414007424e-01 4.796777962245588056e-01 5.074709463198672221e-01 4.930824571112341070e-01 5.000307446350611418e-01 4.797700301297423420e-01 4.857037446965504768e-01 4.740822726434237300e-01
5.164791243927934206e-01 5.180471007809137607e-01 5.292381479431839120e-01 5.182315685912808334e-01 5.049806308799114074e-01 5.118674291336161586e-01 5.145729570190001878e-01 5.183545471315255115e-01 5.140502982229601114e-01 5.249953883047407954e-01 5.188157166574433043e-01 5.240115599827830373e-01 5.217979462583779426e-01 5.343110127282789668e-01 4.921601180593986324e-01 5.122978540244726986e-01 5.031052081411793164e-01 4.870257640041812941e-01 4.827215150956158385e-01 4.895468240791981951e-01 4.900387382401770742e-01
5.486072680317284345e-01 5.222591157842956244e-01 5.244419848736395773e-01 5.084855192768862331e-01 4.743282297239131973e-01 5.157412531513251297e-01 5.387997294472114396e-01 5.298222960093463829e-01 5.489147143823402963e-01 5.137428518723482496e-01 5.037508454774641820e-01 5.019369120088544856e-01 5.105761544610465386e-01 4.989854270429809890e-01 5.088237102625592367e-01 5.046424398942384038e-01 5.077169034003566894e-01 5.042427596384431165e-01 5.016909549283650183e-01 4.923445858697657052e-01 5.166021029330382097e-01
5.119904076738609477e-01 5.179548668757302243e-01 5.140810428580212532e-01 5.102687081104346767e-01 5.169402939187112134e-01 5.106683883662300749e-01 5.159564655967533442e-01 5.058722252966857402e-01 5.043349935436266529e-01 4.987394699624915217e-01 4.711922769476726280e-01 4.875791674352825678e-01 4.934821373670294498e-01 4.633523950070712605e-01 5.068253089835823566e-01 5.025518047100780983e-01 5.126667896452069551e-01 5.048269077046055875e-01 4.948349013097214644e-01 5.003381909856730037e-01 4.991084055832257227e-01
