4.978478755457172999e-01 5.163561458525487424e-01 5.053188218655844111e-01 5.024595708048945619e-01 5.126360450101457022e-01 5.126360450101457022e-01 5.142962553034495787e-01 5.044579720838713310e-01 5.043349935436266529e-01 4.997232982844493909e-01 5.010145729570190110e-01 5.030129742359957801e-01 5.030437188710570329e-01 5.059337145668081348e-01 4.920678841542150961e-01 4.972022382094324344e-01 5.017831888335485546e-01 5.046116952591772620e-01 5.101764742052511403e-01 5.179241222406689715e-01 5.110988132570866149e-01
5.337268646621164958e-01 5.138350857775317859e-01 5.039353132878312547e-01 5.110988132570866149e-01 5.197380557092787789e-01 5.217364569882555481e-01 5.186312488470762316e-01 4.984320236118797154e-01 5.173707188095677534e-01 5.213675213675214026e-01 5.358482444813380541e-01 5.251183668449855846e-01 5.245957080489455082e-01 5.276394269200024301e-01 5.299145299145299193e-01 5.264096415175552046e-01 5.257332595462091973e-01 5.299452745495910611e-01 5.319436758285679412e-01 5.406444075508823888e-01 5.418434483182684724e-01
5.146959355592448659e-01 5.050728647850950548e-01 4.945581995941707998e-01 5.258869827215151282e-01 5.142962553034495787e-01 5.085777531820697694e-01 5.098690278546393895e-01 5.086699870872533058e-01 5.102379634753735349e-01 5.151878497202238005e-01 5.098075385845169949e-01 5.310828260468548612e-01 5.277316608251859664e-01 5.363709032773781304e-01 5.237963475373547118e-01 5.259484719916374118e-01 5.345569698087683230e-01 5.455635491606715126e-01 5.367398388981122759e-01 5.426735534649204107e-01 5.387074955420279032e-01
5.360019676566438740e-01 5.554633216503720439e-01 5.409825985365553924e-01 5.282235749861649010e-01 5.170632724589558915e-01 5.204759269507470698e-01 5.095308368689663858e-01 5.093771136936604549e-01 5.038123347475865765e-01 5.005841480661624709e-01 5.043657381786877947e-01 4.892086330935251914e-01 4.942507532435589934e-01 4.875176781651601732e-01 4.902846953206665415e-01 4.980015987210231754e-01 5.067638197134599620e-01 5.094078583287215967e-01 5.122363647543504150e-01 5.221361372440509463e-01 5.115292381479431549e-01
5.220746479739285517e-01 4.978786201807784417e-01 5.464858882125068762e-01 5.356637766709708703e-01 5.211523089220930771e-01 5.239808153477217845e-01 5.480538646006272163e-01 5.106991330012913277e-01 5.123593432945950932e-01 5.344954805386460395e-01 5.025518047100780983e-01 5.354178195904815141e-01 5.394146221484350523e-01 5.375084547746418195e-01 5.659164975711737933e-01 5.783988194060136756e-01 5.621656520937096113e-01 5.526348152247433365e-01 5.600442722744880530e-01 5.618889503781590022e-01 5.560782143515956566e-01
4.528069851810859192e-01 4.730676996864047190e-01 4.646744143147020778e-01 4.733751460370165254e-01 4.948963905798438034e-01 4.995388304740822627e-01 4.964643669679640881e-01 5.059029699317468820e-01 5.194306093586669171e-01 5.102072188403123931e-01 5.075631802250507585e-01 5.193076308184222389e-01 5.111910471622701513e-01 5.043349935436266529e-01 5.155567853409580570e-01 4.988009592326139163e-01 5.025518047100780983e-01 5.225973067699686281e-01 5.215519891778884753e-01 5.201992252351964607e-01 5.216134784480108699e-01
5.113447703375760822e-01 5.072249892393777548e-01 4.970177703990653617e-01 5.030129742359957801e-01 5.110373239869642203e-01 5.086699870872533058e-01 5.009223390518354746e-01 5.133739162516141041e-01 5.102379634753735349e-01 4.993236180286539927e-01 5.087314763573755894e-01 5.086699870872533058e-01 5.200147574248293880e-01 5.111910471622701513e-01 5.169710385537723552e-01 5.188157166574433043e-01 5.236118797269876390e-01 5.280083625407366865e-01 5.290229354977555865e-01 5.380311135706818959e-01 5.361864354670110577e-01
4.938510729877636507e-01 4.821988562995757066e-01 4.753735473159933500e-01 4.581872963167927248e-01 4.786939679026009919e-01 4.986472360573079854e-01 5.060874377421139547e-01 4.987702145975527190e-01 4.995695751091434600e-01 5.044272274488101893e-01 5.123285986595339514e-01 5.193383754534833807e-01 5.126360450101457022e-01 5.131587038061857786e-01 5.189694398327492353e-01 5.135583840619811768e-01 5.029514849658734965e-01 5.156182746110803405e-01 5.106683883662300749e-01 5.150033819098567278e-01 5.120518969439832313e-01
5.300375084547745974e-01 5.461476972268338725e-01 5.394761114185574469e-01 5.509438602963783183e-01 5.497755641640533764e-01 5.562319375269015875e-01 5.600442722744880530e-01 5.543257701531082438e-01 5.466703560228740599e-01 5.467318452929963435e-01 5.465781221176904126e-01 5.632417143208510169e-01 5.613048023119965313e-01 5.553403431101272547e-01 5.585992744266125021e-01 5.688679825370472898e-01 5.648404353440324988e-01 5.599520383693045167e-01 5.670540490684375934e-01 5.661317100166021188e-01 5.692369181577814352e-01
5.039353132878312547e-01 5.344339912685236449e-01 5.049806308799114074e-01 5.060259484719916712e-01 5.257947488163315919e-01 5.415667466027178634e-01 5.323433560843632284e-01 5.543872594232306383e-01 5.401832380249645960e-01 5.323126114493020866e-01 5.244727295087007191e-01 5.467933345631187381e-01 5.277624054602472192e-01 5.315747402078336847e-01 5.016602102933037655e-01 4.983397897066961790e-01 5.081473282912132294e-01 4.903154399557277388e-01 4.841972575785525312e-01 4.877021459755272459e-01 4.944044764188649244e-01
5.182315685912808334e-01 5.055647789460738784e-01 4.957264957264957417e-01 5.041812703683207220e-01 5.184160364016479061e-01 5.060874377421139547e-01 5.045502059890548674e-01 5.136813626022259660e-01 5.133124269814917096e-01 5.084547746418249803e-01 5.098075385845169949e-01 4.962798991575970153e-01 5.007686158765295437e-01 5.081165836561519766e-01 4.970792596691877008e-01 4.917911824386644315e-01 4.838590665928795276e-01 4.972022382094324344e-01 4.978171309106561027e-01 4.998155321896329273e-01 5.001844678103670727e-01
5.027670171555063128e-01 5.319129311935066884e-01 4.955420279161286135e-01 4.839820451331242612e-01 4.772182254196642437e-01 4.741745065486072663e-01 5.104224312857406076e-01 5.052573325954621275e-01 5.117751952284326222e-01 5.107913669064748641e-01 5.079936051159072985e-01 5.120211523089220895e-01 5.105146651909241440e-01 5.151263604501014060e-01 5.108528561765971476e-01 5.189694398327492353e-01 5.273319805693906792e-01 5.253335792904137991e-01 5.150648711799791224e-01 5.262559183422492737e-01 5.245649634138842554e-01
4.928979893008669788e-01 4.800774764803542038e-01 4.890549099182192605e-01 5.013527639426920146e-01 5.003689356207341454e-01 5.000307446350611418e-01 5.001844678103670727e-01 5.001844678103670727e-01 4.995388304740822627e-01 5.151571050851626588e-01 5.157719977863862715e-01 5.254258131955973354e-01 5.166021029330382097e-01 5.086392424521920530e-01 5.048576523396667293e-01 5.061181823771752075e-01 5.067023304433376785e-01 5.111910471622701513e-01 5.031359527762405692e-01 5.027977617905675656e-01 4.849966180901432722e-01
5.326508024349750903e-01 4.793703498739469993e-01 4.796470515894976083e-01 5.202299698702576025e-01 5.117751952284326222e-01 4.906843755764618842e-01 4.849351288200209331e-01 4.977248970054725663e-01 4.916682038984197534e-01 4.971407489393100954e-01 5.071634999692553603e-01 4.811535387074955539e-01 4.753120580458710109e-01 4.786017339974174556e-01 4.806001352763942802e-01 4.967718133185758944e-01 4.797085408596200029e-01 5.040582918280760438e-01 5.060259484719916712e-01 5.106068990961076803e-01 5.028899956957511019e-01
4.812457726126790902e-01 4.794933284141917329e-01 4.875176781651601732e-01 4.846891717395314658e-01 5.384307938264772941e-01 5.147266801943061187e-01 4.964951116030252853e-01 5.310828260468548612e-01 5.455328045256102598e-01 5.450408903646313252e-01 5.544794933284141747e-01 5.541720469778024238e-01 5.456557830658550490e-01 5.543257701531082438e-01 5.590296993174691531e-01 5.510975834716841382e-01 5.490069482875238327e-01 5.523273688741314746e-01 5.538031113570681674e-01 5.473774826292812090e-01 5.594601242083256931e-01
4.854577876160610095e-01 4.974481952899219017e-01 5.280083625407366865e-01 5.020906351841604165e-01 5.250876222099243318e-01 5.239193260775995009e-01 5.066715858082764257e-01 5.106991330012913277e-01 5.189079505626268407e-01 5.181393346860972970e-01 5.202299698702576025e-01 5.249646436696796536e-01 5.381233474758654323e-01 5.394146221484350523e-01 5.018446781036709492e-01 5.034741437619135729e-01 5.046424398942384038e-01 5.028899956957511019e-01 5.130664699010022423e-01 4.944967103240484607e-01 4.993851072987763873e-01
5.053495665006456639e-01 5.320359097337514775e-01 5.260407058968210592e-01 5.285617659718379047e-01 5.261021951669433427e-01 4.944044764188649244e-01 5.040275471930147910e-01 5.232736887413146354e-01 4.582795302219762612e-01 4.698395130049806134e-01 4.678411117260037888e-01 4.690708971284510698e-01 5.133124269814917096e-01 5.182008239562196916e-01 4.918834163438480234e-01 4.964336223329028908e-01 4.968640472237594308e-01 4.971407489393100954e-01 5.000000000000000000e-01 4.786324786324786529e-01 4.921293734243374352e-01
5.084547746418249803e-01 5.287154891471438356e-01 5.084855192768862331e-01 4.966795794133923581e-01 5.125745557400234187e-01 5.030744635061181746e-01 5.383078152862325050e-01 5.406136629158211360e-01 5.358174998462768013e-01 5.180778454159749025e-01 5.180163561458525079e-01 5.277316608251859664e-01 5.327430363401586266e-01 5.273012359343294264e-01 5.248109204943737227e-01 5.403984504703929215e-01 5.257332595462091973e-01 5.481460985058107527e-01 5.542950255180471020e-01 5.439648281374900307e-01 5.529115169402939456e-01
5.216749677181331535e-01 5.393531328783127687e-01 5.359404783865215904e-01 5.403677058353317797e-01 5.292688925782450537e-01 5.332964397712599558e-01 5.373239869642747468e-01 5.370165406136628850e-01 5.466088667527516654e-01 5.455328045256102598e-01 5.493451392731968363e-01 5.482383324109942890e-01 5.465166328475681290e-01 5.509438602963783183e-01 5.509438602963783183e-01 5.516509869027854673e-01 5.347106929840742540e-01 5.347106929840742540e-01 5.137121072372871078e-01 5.178318883354854352e-01 5.201992252351964607e-01
5.229662423907027735e-01 4.746664207095862009e-01 4.760191846522781600e-01 4.739900387382401936e-01 4.765418434483182919e-01 4.873946996249154395e-01 4.739900387382401936e-01 4.701469593555924753e-01 5.160179548668757388e-01 5.200762466949517826e-01 5.094078583287215967e-01 5.151263604501014060e-01 5.228432638504580954e-01 5.201377359650740662e-01 5.248416651294348645e-01 5.216134784480108699e-01 5.151263604501014060e-01 5.177396544303018988e-01 5.028899956957511019e-01 5.153723175305908732e-01 5.256717702760868027e-01
4.989239377728586500e-01 5.161101887720592751e-01 4.962491545225358180e-01 5.224743282297239499e-01 4.639980323433560705e-01 4.737440816577507263e-01 4.717764250138350990e-01 4.911148004673184797e-01 4.830289614462276448e-01 5.049191416097891238e-01 5.044579720838713310e-01 5.078706265756625093e-01 5.211830535571543299e-01 5.264711307876775992e-01 5.121441308491667677e-01 5.126053003750845605e-01 5.119289184037385532e-01 5.157105085162638769e-01 4.950193691200885371e-01 5.071327553341942185e-01 4.972944721146160263e-01
