4.981245772612679090e-01 5.071634999692553603e-01 5.076246694951730420e-01 5.133739162516141041e-01 5.076861587652954366e-01 5.062411609174198857e-01 4.967410686835147526e-01 4.728217426059152517e-01 4.826292811904322466e-01 4.311012728278915129e-01 4.485334809075816054e-01 4.590174014634446076e-01 4.725757855254258399e-01 4.663346246080058988e-01 4.635061181823771914e-01 4.817684314087191666e-01 4.869027854639365605e-01 4.855192768861833486e-01 4.926827768554387088e-01 4.957572403615568835e-01 4.912070343725020161e-01
4.979093648158396390e-01 5.059029699317468820e-01 5.042120150033818637e-01 5.109450900817806840e-01 5.002459570804894673e-01 5.120518969439832313e-01 5.120211523089220895e-01 5.090696673430485930e-01 5.345877144438295758e-01 5.228740084855192372e-01 5.304371887105699956e-01 5.270245342187788173e-01 5.308368689663653939e-01 5.321588882739961557e-01 5.304679333456311374e-01 5.381233474758654323e-01 5.264403861526163464e-01 5.298222960093463829e-01 5.266863432331058137e-01 5.232121994711922408e-01 5.265633646928611356e-01
5.180778454159749025e-01 5.339728217426059631e-01 5.353255856852978667e-01 5.446412101088360380e-01 5.390149418926397651e-01 5.391071757978233014e-01 5.376621779499477505e-01 5.313902723974666120e-01 5.312672938572219339e-01 5.321281436389350139e-01 5.332964397712599558e-01 5.342187788230953194e-01 5.247186865891901864e-01 5.205681608559306062e-01 5.279161286355531502e-01 5.281313410809813647e-01 5.286232552419602992e-01 5.278853840004918974e-01 5.312365492221606811e-01 5.324355899895468758e-01 5.246879419541290446e-01
4.827830043657381776e-01 5.084855192768862331e-01 5.024288261698333091e-01 4.941892639734366544e-01 4.951730922953944680e-01 5.022751029945274892e-01 5.019369120088544856e-01 5.016602102933037655e-01 5.010760622271414055e-01 5.020906351841604165e-01 5.032896759515465002e-01 5.039045686527701129e-01 5.008608497817130800e-01 5.003996802557953982e-01 4.998155321896329273e-01 4.976326631002889744e-01 4.989854270429809890e-01 5.059029699317468820e-01 5.041197810981983274e-01 5.058722252966857402e-01 5.150956158150402642e-01
5.424583410194920852e-01 5.010760622271414055e-01 5.282235749861649010e-01 5.307753796962429993e-01 5.271167681239623537e-01 5.221361372440509463e-01 5.112217917973314041e-01 5.154338068007132678e-01 5.133431716165529624e-01 5.138350857775317859e-01 5.172784849043842170e-01 5.175551866199348261e-01 5.212445428272766135e-01 5.210293303818483990e-01 5.260407058968210592e-01 5.282235749861649010e-01 5.297300621041628466e-01 5.376006886798253559e-01 5.515587529976019310e-01 5.637643731168910932e-01 5.647789460739101042e-01
4.559736825923876302e-01 4.653815409211092824e-01 4.589251675582610712e-01 4.714689786632232926e-01 4.844124700239808012e-01 4.849658734550820749e-01 4.872717210846707059e-01 4.661809014326999678e-01 4.709770645022443580e-01 4.941277747033142598e-01 4.904691631310336142e-01 4.949578798499661980e-01 4.955420279161286135e-01 4.931746910164176434e-01 4.905921416712783478e-01 5.068253089835823566e-01 5.036278669372195038e-01 5.109450900817806840e-01 5.186312488470762316e-01 5.226895406751521644e-01 5.181085900510360442e-01
5.129742359958187059e-01 5.197073110742175261e-01 5.237656029022935700e-01 5.154645514357744096e-01 5.123285986595339514e-01 5.123900879296562350e-01 5.019984012789767691e-01 5.157412531513251297e-01 5.152185943552850533e-01 5.233044333763757772e-01 5.246264526840066500e-01 5.350181393346861158e-01 5.331119719608927721e-01 5.368628174383569540e-01 5.372010084240299577e-01 5.365246264526840614e-01 5.314825063026501484e-01 5.407058968210047833e-01 5.402447272950869905e-01 5.364631371825616668e-01 5.233351780114370300e-01
4.738363155629342627e-01 4.738670601979954600e-01 4.899465043349935378e-01 4.779253520260714483e-01 4.832441738916559149e-01 4.808460923568837475e-01 4.917296931685420924e-01 4.798930086699870756e-01 4.794010945090081965e-01 4.817376867736579693e-01 4.895468240791981951e-01 4.717764250138350990e-01 5.030437188710570329e-01 5.076246694951730420e-01 5.012605300375084783e-01 5.187234827522597680e-01 4.992621287585316536e-01 4.972637274795548290e-01 5.108528561765971476e-01 5.237656029022935700e-01 5.164791243927934206e-01
5.099305171247617841e-01 5.318821865584455466e-01 5.440263174076124253e-01 5.245957080489455082e-01 5.234889011867429609e-01 4.836131095123900603e-01 4.836745987825124549e-01 5.080550943860296931e-01 4.876099120703437095e-01 5.092848797884769185e-01 5.129742359958187059e-01 5.148804033696120497e-01 5.101149849351288568e-01 5.249338990346185119e-01 5.275779376498801465e-01 5.271782573940847483e-01 5.218594355285002262e-01 5.186619934821373734e-01 5.182623132263419752e-01 5.259484719916374118e-01 5.240423046178441790e-01
5.167558261083441407e-01 5.019676566439156273e-01 5.046731845292996566e-01 5.004611695259176818e-01 5.033204205866076419e-01 5.088237102625592367e-01 5.106683883662300749e-01 5.228740084855192372e-01 5.197073110742175261e-01 5.107913669064748641e-01 5.114677488778208714e-01 5.075939248601119003e-01 5.389841972575785123e-01 5.465166328475681290e-01 5.499292873393593073e-01 5.443030191231630344e-01 5.492836500030744418e-01 5.655783065855007896e-01 5.567238516878804111e-01 5.388919633523949759e-01 5.509131156613170655e-01
4.837360880526347939e-01 4.950808583902109317e-01 5.055955235811351312e-01 5.152493389903461951e-01 5.414745126975343270e-01 5.248724097644961173e-01 5.222283711492344827e-01 5.082395621963967658e-01 5.103609420156183241e-01 5.158949763266309496e-01 5.144192338436942569e-01 5.164483797577322788e-01 5.217979462583779426e-01 5.175551866199348261e-01 5.231507102010699573e-01 5.225358174998462335e-01 5.328660148804034158e-01 5.214597552727049390e-01 5.217979462583779426e-01 5.096538154092110640e-01 5.164791243927934206e-01
5.329582487855869521e-01 5.063948840927258166e-01 5.238270921724159646e-01 5.243190063333947881e-01 5.254258131955973354e-01 5.213982660025825444e-01 5.200762466949517826e-01 5.215827338129496171e-01 5.160486995019368806e-01 5.162639119473652061e-01 5.199840127897681352e-01 5.154952960708356624e-01 5.127590235503904914e-01 5.112217917973314041e-01 5.235811350919264973e-01 5.294841050236733793e-01 5.243190063333947881e-01 5.219516694336838736e-01 5.158334870565086661e-01 5.256410256410256610e-01 5.303449548053864593e-01
4.874561888950378341e-01 4.567422984689171739e-01 4.660271782573940924e-01 4.737133370226895290e-01 4.950501137551497344e-01 4.757117383016663537e-01 4.823833241099428348e-01 4.844739592941031958e-01 4.860419356822234249e-01 4.912070343725020161e-01 4.976019184652278327e-01 4.962184098874746208e-01 4.920986287892762934e-01 4.957264957264957417e-01 4.970485150341265590e-01 4.950808583902109317e-01 4.957879849966180807e-01 4.972637274795548290e-01 4.946811781344155334e-01 4.943122425136813880e-01 4.944352210539260661e-01
5.298837852794687775e-01 5.113140257025149404e-01 5.290844247678779810e-01 5.235811350919264973e-01 4.915144807231138224e-01 4.965258562380864271e-01 4.740515280083625327e-01 4.957879849966180807e-01 4.739900387382401936e-01 4.661809014326999678e-01 4.740822726434237300e-01 4.848736395498985385e-01 4.963106437926581571e-01 5.051343540552173383e-01 5.072864785095000384e-01 5.115907274180655495e-01 5.113140257025149404e-01 5.011068068622025473e-01 5.185082703068314425e-01 5.218286908934390844e-01 5.156490192461415933e-01
4.720223820943245663e-01 4.583717641271597976e-01 4.649203713951915451e-01 4.601549529607083522e-01 4.500707126606406927e-01 4.516079444136998355e-01 4.527147512759023273e-01 4.580028285064256521e-01 4.722068499046916390e-01 4.708233413269384271e-01 4.781713091065609156e-01 5.009530836868966164e-01 5.104839205558630022e-01 5.106376437311689331e-01 5.090696673430485930e-01 5.242267724282112518e-01 5.220439033388674099e-01 5.213367767324601498e-01 5.248724097644961173e-01 5.232429441062534936e-01 5.362479247371333413e-01
4.883785279468732532e-01 5.096538154092110640e-01 5.163868904876098842e-01 5.571850212137982039e-01 5.139580643177765751e-01 4.940662854331919207e-01 4.992621287585316536e-01 5.256410256410256610e-01 5.246571973190677918e-01 5.087622209924368422e-01 5.244419848736395773e-01 5.472545040890364199e-01 5.347414376191355068e-01 5.375391994097029613e-01 5.373547315993358886e-01 5.499600319744204491e-01 5.519276886183360764e-01 5.444567422984689653e-01 5.445182315685912489e-01 5.396298345938633778e-01 5.442107852179794980e-01
5.121441308491667677e-01 5.206911393961753953e-01 4.947426674045379280e-01 4.732521674967717917e-01 4.814302404230461629e-01 4.747893992498308791e-01 4.573264465350796448e-01 4.554817684314086956e-01 4.794933284141917329e-01 4.860111910471622831e-01 4.909918219270737461e-01 4.924675644100104388e-01 4.763266310028900219e-01 4.777408842157043756e-01 4.770337576092971710e-01 4.834593863370841849e-01 4.915452253581750197e-01 4.926212875853163697e-01 4.932976695566623770e-01 4.955727725511898107e-01 5.133124269814917096e-01
5.204451823156859280e-01 5.139273196827153223e-01 5.124823218348397713e-01 4.984012789768185181e-01 5.011682961323249419e-01 4.996003197442046573e-01 4.970485150341265590e-01 4.970792596691877008e-01 5.039660579228925075e-01 5.024903154399557037e-01 5.051343540552173383e-01 5.053803111357068056e-01 5.061489270122363493e-01 5.025825493451392401e-01 5.023673368997110256e-01 5.014757424829366927e-01 5.012912746725696200e-01 5.036278669372195038e-01 5.054725450408903420e-01 5.015987210231814819e-01 5.048883969747278710e-01
5.210293303818483990e-01 5.257640041812703391e-01 5.496218409887474454e-01 5.385537723667219723e-01 5.282235749861649010e-01 5.425198302896144797e-01 5.299145299145299193e-01 5.342802680932177140e-01 5.440570620426735671e-01 5.485457787616061509e-01 5.534341757363340220e-01 5.599520383693045167e-01 5.479308860603824272e-01 5.549714074893931093e-01 5.485457787616061509e-01 5.497448195289922346e-01 5.492221607329520472e-01 5.486072680317284345e-01 5.478386521551988908e-01 5.559552358113508674e-01 5.497448195289922346e-01
5.483613109512389672e-01 4.759884400172170182e-01 5.347106929840742540e-01 5.248109204943737227e-01 5.240730492529053208e-01 5.374469655045194250e-01 5.409211092664329978e-01 5.448564225542642525e-01 5.366168603578675977e-01 5.427965320051650888e-01 5.349566500645637213e-01 5.416897251429625415e-01 5.380003689356207541e-01 5.284695320666543683e-01 5.409518539014941396e-01 5.463321650372010563e-01 5.424583410194920852e-01 5.428272766402262306e-01 5.438725942323064944e-01 5.495296070835639091e-01 5.527270491299268729e-01
5.234274119166205663e-01 5.142347660333271842e-01 4.992006394884092590e-01 4.830597060812888421e-01 4.987702145975527190e-01 4.991391502182869200e-01 5.113755149726372240e-01 4.953575601057615407e-01 5.075324355899895057e-01 5.025518047100780983e-01 5.082088175613355130e-01 5.114984935128820132e-01 5.113447703375760822e-01 5.083317961015803021e-01 5.133124269814917096e-01 5.080858390210908349e-01 5.053188218655844111e-01 5.086084978171309112e-01 5.162024226772428115e-01 5.108221115415360059e-01 5.098075385845169949e-01
