5.043260911363199872e-01 5.062487983080177223e-01 5.056719861565083241e-01 5.093251297827341428e-01 5.247067871563161345e-01 5.112478369544318779e-01 5.068256104595270095e-01 5.181695827725437686e-01 5.052874447221687992e-01 5.089405883483945070e-01 5.100942126514131925e-01 5.145164391463180609e-01 5.152855220149971105e-01 5.154777927321668729e-01 5.143241684291481874e-01 5.135550855604691378e-01 5.152855220149971105e-01 5.185541242068832934e-01 5.179773120553740062e-01 5.179773120553740062e-01 5.210536435300903157e-01
5.366275716208421809e-01 5.495097096712170393e-01 5.331666987117862355e-01 5.356662180349932578e-01 5.420111517015958613e-01 5.341280522976350476e-01 5.373966544895212305e-01 5.341280522976350476e-01 5.304749086714093398e-01 5.379734666410305177e-01 5.412420688329167007e-01 5.464333781965006187e-01 5.389348202268794408e-01 5.397039030955586014e-01 5.420111517015958613e-01 5.448952124591425195e-01 5.379734666410305177e-01 5.441261295904633588e-01 5.420111517015958613e-01 5.470101903480100169e-01 5.464333781965006187e-01
4.964429917323591734e-01 4.941357431263218580e-01 4.825995000961353365e-01 5.243222457219764987e-01 5.481638146510287024e-01 5.329744279946164731e-01 5.316285329744280252e-01 5.283599307825418423e-01 5.329744279946164731e-01 5.235531628532974491e-01 5.177850413382042438e-01 5.343203230148048100e-01 5.325898865602768373e-01 5.287444722168813671e-01 5.345125937319745724e-01 5.252835993078254218e-01 5.137473562776389002e-01 5.470101903480100169e-01 5.229763507017881619e-01 5.077869640453759326e-01 5.235531628532974491e-01
5.012497596616035667e-01 5.298980965199000526e-01 5.008652182272640419e-01 5.389348202268794408e-01 5.170159584695250832e-01 5.062487983080177223e-01 5.116323783887714027e-01 5.227840799846182884e-01 5.243222457219764987e-01 5.235531628532974491e-01 5.210536435300903157e-01 5.231686214189579243e-01 5.187463949240530559e-01 5.272063064795231568e-01 5.247067871563161345e-01 5.175927706210343704e-01 5.277831186310324441e-01 5.416266102672563365e-01 5.429725052874446733e-01 5.398961738127283638e-01 5.429725052874446733e-01
5.177850413382042438e-01 4.864449144395308622e-01 4.874062680253797297e-01 4.866371851567006246e-01 4.849067487021726519e-01 4.920207652374543605e-01 4.877908094597193100e-01 4.881753508940588349e-01 4.875985387425494921e-01 4.937512016919823332e-01 4.929821188233032281e-01 4.875985387425494921e-01 4.902903287829263879e-01 4.902903287829263879e-01 4.856758315708517570e-01 4.862526437223610998e-01 4.902903287829263879e-01 4.899057873485868075e-01 4.935589309748125153e-01 4.827917708133051544e-01 4.960584502980195931e-01
4.751009421265141586e-01 4.889444337627379400e-01 4.818304172274562314e-01 5.095174004999039052e-01 5.287444722168813671e-01 5.237454335704672115e-01 5.314362622572582628e-01 5.243222457219764987e-01 5.279753893482023175e-01 5.293212843683906543e-01 5.273985771966929192e-01 5.279753893482023175e-01 5.285522014997116047e-01 5.275908479138626817e-01 5.264372236108441072e-01 5.297058258027302902e-01 5.300903672370698150e-01 5.183618534897135310e-01 5.297058258027302902e-01 5.298980965199000526e-01 5.285522014997116047e-01
5.322053451259373125e-01 5.043260911363199872e-01 5.012497596616035667e-01 5.033647375504710642e-01 5.016343010959430915e-01 5.302826379542395774e-01 5.281676600653720799e-01 4.981734281868871461e-01 5.093251297827341428e-01 5.260526821765044714e-01 5.348971351663142082e-01 5.250913285906556593e-01 5.308594501057488646e-01 5.370121130551817057e-01 5.470101903480100169e-01 5.077869640453759326e-01 5.191309363583925807e-01 5.350894058834839706e-01 5.183618534897135310e-01 5.218227263987694764e-01 5.306671793885791022e-01
4.683714670255720303e-01 4.960584502980195931e-01 4.558738704095366412e-01 4.954816381465103059e-01 4.862526437223610998e-01 4.977888867525475658e-01 4.914439530859450178e-01 4.939434724091520956e-01 4.972120746010382786e-01 4.970198038838684607e-01 4.952893674293404880e-01 4.970198038838684607e-01 4.966352624495289358e-01 4.989425110555662513e-01 4.983656989040569085e-01 4.977888867525475658e-01 4.975966160353778034e-01 4.991347817727360137e-01 4.987502403383964888e-01 4.964429917323591734e-01 4.987502403383964888e-01
5.047106325706595120e-01 5.135550855604691378e-01 5.189386656412228183e-01 5.179773120553740062e-01 5.147087098634878233e-01 5.125937319746202148e-01 5.156700634493366353e-01 5.162468756008460335e-01 5.162468756008460335e-01 5.179773120553740062e-01 5.166314170351855584e-01 5.160546048836762711e-01 5.164391463180157960e-01 5.170159584695250832e-01 5.168236877523553208e-01 5.170159584695250832e-01 5.175927706210343704e-01 5.175927706210343704e-01 5.172082291866948456e-01 5.172082291866948456e-01 5.170159584695250832e-01
5.331666987117862355e-01 5.268217650451836320e-01 5.237454335704672115e-01 5.270140357623533944e-01 5.266294943280138696e-01 5.239377042876369739e-01 5.241299750048067363e-01 5.248990578734858969e-01 5.248990578734858969e-01 5.260526821765044714e-01 5.264372236108441072e-01 5.304749086714093398e-01 5.291290136512208919e-01 5.302826379542395774e-01 5.289367429340511295e-01 5.268217650451836320e-01 5.289367429340511295e-01 5.291290136512208919e-01 5.297058258027302902e-01 5.258604114593347090e-01 5.306671793885791022e-01
4.843299365506633092e-01 5.147087098634878233e-01 5.283599307825418423e-01 5.320130744087675501e-01 5.216304556815997140e-01 5.272063064795231568e-01 5.293212843683906543e-01 5.300903672370698150e-01 5.302826379542395774e-01 5.295135550855604167e-01 5.295135550855604167e-01 5.283599307825418423e-01 5.291290136512208919e-01 5.291290136512208919e-01 5.291290136512208919e-01 5.291290136512208919e-01 5.291290136512208919e-01 5.295135550855604167e-01 5.293212843683906543e-01 5.281676600653720799e-01 5.293212843683906543e-01
4.977888867525475658e-01 4.900980580657565699e-01 4.983656989040569085e-01 4.810613343587771817e-01 4.787540857527398663e-01 4.827917708133051544e-01 4.893289751970774648e-01 4.814458757931167066e-01 4.850990194193424143e-01 4.927898481061334102e-01 4.972120746010382786e-01 5.020188425302826163e-01 5.002884060757546436e-01 5.016343010959430915e-01 4.920207652374543605e-01 4.985579696212266709e-01 4.960584502980195931e-01 4.997115939242453564e-01 4.999038646414151188e-01 5.047106325706595120e-01 4.993270524899057761e-01
4.731782349548163680e-01 4.676023841568929251e-01 4.683714670255720303e-01 4.718323399346279756e-01 4.710632570659488705e-01 4.727936935204768432e-01 4.722168813689675004e-01 4.739473178234954731e-01 4.751009421265141586e-01 4.764468371467025509e-01 4.795231686214189715e-01 4.764468371467025509e-01 4.758700249951932082e-01 4.785618150355701039e-01 4.770236492982118937e-01 4.764468371467025509e-01 4.762545664295327885e-01 4.749086714093443407e-01 4.751009421265141586e-01 4.751009421265141586e-01 4.762545664295327885e-01
5.006729475100941684e-01 5.020188425302826163e-01 5.016343010959430915e-01 5.018265718131128539e-01 4.956739088636800683e-01 4.983656989040569085e-01 4.964429917323591734e-01 4.972120746010382786e-01 5.008652182272640419e-01 4.970198038838684607e-01 4.995193232070755385e-01 4.989425110555662513e-01 4.995193232070755385e-01 4.995193232070755385e-01 4.985579696212266709e-01 4.989425110555662513e-01 5.000961353585848812e-01 5.004806767929244060e-01 4.993270524899057761e-01 4.956739088636800683e-01 4.879830801768890725e-01
4.626033455104787695e-01 4.662564891367044773e-01 4.977888867525475658e-01 4.981734281868871461e-01 4.968275331666986983e-01 4.947125552778312008e-01 5.000961353585848812e-01 4.920207652374543605e-01 4.941357431263218580e-01 4.933666602576427529e-01 4.941357431263218580e-01 4.943280138434916204e-01 4.945202845606614384e-01 4.933666602576427529e-01 4.872139973082099673e-01 4.683714670255720303e-01 4.576043068640646139e-01 4.716400692174581577e-01 4.589502018842530062e-01 4.862526437223610998e-01 5.100942126514131925e-01
5.041338204191501138e-01 5.283599307825418423e-01 5.306671793885791022e-01 5.250913285906556593e-01 5.277831186310324441e-01 5.298980965199000526e-01 5.281676600653720799e-01 5.297058258027302902e-01 5.302826379542395774e-01 5.300903672370698150e-01 5.308594501057488646e-01 5.306671793885791022e-01 5.314362622572582628e-01 5.335512401461257603e-01 5.298980965199000526e-01 5.323976158431070749e-01 5.308594501057488646e-01 5.312439915400883894e-01 5.312439915400883894e-01 5.318208036915977877e-01 5.306671793885791022e-01
5.145164391463180609e-01 4.970198038838684607e-01 5.083637761968852198e-01 5.127860026917900882e-01 5.085560469140549822e-01 5.139396269948086626e-01 5.072101518938665343e-01 5.114401076716016403e-01 5.147087098634878233e-01 5.056719861565083241e-01 5.093251297827341428e-01 5.143241684291481874e-01 5.164391463180157960e-01 5.195154777927322165e-01 5.208613728129205533e-01 5.191309363583925807e-01 5.187463949240530559e-01 5.187463949240530559e-01 5.189386656412228183e-01 5.187463949240530559e-01 5.216304556815997140e-01
5.483560853681984648e-01 5.018265718131128539e-01 5.020188425302826163e-01 4.960584502980195931e-01 5.024033839646221411e-01 5.060565275908479599e-01 5.099019419342434301e-01 5.072101518938665343e-01 5.081715054797154574e-01 5.085560469140549822e-01 5.095174004999039052e-01 5.072101518938665343e-01 5.079792347625456950e-01 5.074024226110362967e-01 5.083637761968852198e-01 5.087483176312247446e-01 5.091328590655642694e-01 5.093251297827341428e-01 5.097096712170736676e-01 5.093251297827341428e-01 5.102864833685829549e-01
5.135550855604691378e-01 5.350894058834839706e-01 5.031724668333013017e-01 5.072101518938665343e-01 5.404729859642376510e-01 5.075946933282060591e-01 5.029801961161315393e-01 5.000961353585848812e-01 5.031724668333013017e-01 5.029801961161315393e-01 5.022111132474523787e-01 5.027879253989617769e-01 5.024033839646221411e-01 5.049029032878292744e-01 5.031724668333013017e-01 5.060565275908479599e-01 5.025956546817920145e-01 5.050951740049990368e-01 5.041338204191501138e-01 5.047106325706595120e-01 5.039415497019803514e-01
5.283599307825418423e-01 5.225918092674485260e-01 5.239377042876369739e-01 5.202845606614112661e-01 5.195154777927322165e-01 5.220149971159392388e-01 5.223995385502787636e-01 5.235531628532974491e-01 5.239377042876369739e-01 5.250913285906556593e-01 5.256681407421649466e-01 5.258604114593347090e-01 5.256681407421649466e-01 5.264372236108441072e-01 5.275908479138626817e-01 5.277831186310324441e-01 5.277831186310324441e-01 5.272063064795231568e-01 5.291290136512208919e-01 5.287444722168813671e-01 5.285522014997116047e-01
5.127860026917900882e-01 4.839453951163237844e-01 4.800999807729282587e-01 4.816381465102864690e-01 4.839453951163237844e-01 4.900980580657565699e-01 4.877908094597193100e-01 4.864449144395308622e-01 4.899057873485868075e-01 4.902903287829263879e-01 4.900980580657565699e-01 4.891367044799077024e-01 4.877908094597193100e-01 4.893289751970774648e-01 4.912516823687752554e-01 4.925975773889636478e-01 4.956739088636800683e-01 4.891367044799077024e-01 4.897135166314170451e-01 4.922130359546241229e-01 4.872139973082099673e-01
