5.214381849644299516e-01 4.895212459142472827e-01 5.002884060757546436e-01 4.837531243991540220e-01 4.854835608536819946e-01 4.552970582580272985e-01 4.781772736012305236e-01 4.533743510863295634e-01 4.672178427225533448e-01 4.691405498942510799e-01 4.593347433185925865e-01 4.797154393385887339e-01 5.339357815804652851e-01 5.300903672370698150e-01 5.202845606614112661e-01 5.164391463180157960e-01 4.912516823687752554e-01 5.000961353585848812e-01 4.999038646414151188e-01 4.999038646414151188e-01 5.039415497019803514e-01
5.370121130551817057e-01 5.068256104595270095e-01 5.081715054797154574e-01 5.091328590655642694e-01 5.145164391463180609e-01 5.189386656412228183e-01 5.031724668333013017e-01 5.062487983080177223e-01 5.316285329744280252e-01 5.368198423380119433e-01 5.439338588732935964e-01 5.454720246106518067e-01 5.389348202268794408e-01 5.527783118631032222e-01 5.445106710248028836e-01 5.318208036915977877e-01 5.272063064795231568e-01 5.370121130551817057e-01 5.258604114593347090e-01 5.347048644491444458e-01 5.347048644491444458e-01
4.854835608536819946e-01 4.899057873485868075e-01 5.006729475100941684e-01 5.168236877523553208e-01 4.993270524899057761e-01 5.016343010959430915e-01 4.974043453182080410e-01 5.179773120553740062e-01 5.293212843683906543e-01 4.995193232070755385e-01 5.004806767929244060e-01 5.049029032878292744e-01 5.287444722168813671e-01 5.260526821765044714e-01 5.245145164391463721e-01 5.187463949240530559e-01 5.150932512978273481e-01 5.127860026917900882e-01 5.247067871563161345e-01 5.212459142472601892e-01 5.216304556815997140e-01
5.149009805806575857e-01 4.804845222072678390e-01 4.906748702172659127e-01 4.474139588540665402e-01 4.825995000961353365e-01 4.593347433185925865e-01 4.643337819650067422e-01 4.429917323591617273e-01 4.149202076523745286e-01 4.404922130359546495e-01 4.537588925206690882e-01 4.618342626417996644e-01 4.564506825610459284e-01 4.564506825610459284e-01 4.443376273793501197e-01 4.466448759853874351e-01 4.581811190155739011e-01 4.558738704095366412e-01 4.624110747933089516e-01 4.556815996923668788e-01 4.751009421265141586e-01
4.904825995000961503e-01 5.068256104595270095e-01 4.981734281868871461e-01 4.875985387425494921e-01 4.941357431263218580e-01 5.345125937319745724e-01 5.475870024995193042e-01 5.431647760046145468e-01 5.510478754085752495e-01 5.685445106710248497e-01 5.662372620649874788e-01 5.689290521053643745e-01 5.779657758123437628e-01 5.785425879638530500e-01 5.702749471255528224e-01 5.671986156508364019e-01 5.560469140549894052e-01 5.548932897519707197e-01 5.356662180349932578e-01 5.356662180349932578e-01 5.447029417419726460e-01
4.751009421265141586e-01 5.145164391463180609e-01 4.847144779850028895e-01 4.531820803691598010e-01 4.699096327629301850e-01 4.743318592578350534e-01 4.762545664295327885e-01 4.797154393385887339e-01 4.829840415304749168e-01 5.029801961161315393e-01 5.045183618534897496e-01 5.141318977119784250e-01 5.141318977119784250e-01 5.185541242068832934e-01 5.185541242068832934e-01 5.177850413382042438e-01 5.118246491059411651e-01 5.124014612574504524e-01 5.125937319746202148e-01 5.127860026917900882e-01 5.137473562776389002e-01
5.322053451259373125e-01 5.143241684291481874e-01 5.124014612574504524e-01 4.677946548740626875e-01 4.904825995000961503e-01 4.820226879446260493e-01 4.479907710055758274e-01 4.477985002884060650e-01 4.608729090559507968e-01 4.677946548740626875e-01 4.674101134397231072e-01 4.677946548740626875e-01 4.618342626417996644e-01 4.887521630455681776e-01 4.931743895404729905e-01 4.874062680253797297e-01 4.872139973082099673e-01 4.752932128436839210e-01 4.752932128436839210e-01 4.906748702172659127e-01 5.037492789848105890e-01
4.683714670255720303e-01 4.893289751970774648e-01 5.060565275908479599e-01 5.298980965199000526e-01 4.997115939242453564e-01 5.170159584695250832e-01 5.223995385502787636e-01 5.227840799846182884e-01 5.295135550855604167e-01 5.310517208229186270e-01 5.277831186310324441e-01 5.329744279946164731e-01 5.377811959238607553e-01 5.310517208229186270e-01 5.329744279946164731e-01 5.347048644491444458e-01 5.164391463180157960e-01 5.164391463180157960e-01 4.885598923283983597e-01 5.223995385502787636e-01 5.235531628532974491e-01
5.273985771966929192e-01 5.008652182272640419e-01 5.314362622572582628e-01 5.218227263987694764e-01 5.177850413382042438e-01 5.070178811766967719e-01 5.193232070755623431e-01 5.277831186310324441e-01 5.358584887521630202e-01 5.343203230148048100e-01 5.429725052874446733e-01 5.414343395500865741e-01 5.427802345702749109e-01 5.183618534897135310e-01 5.370121130551817057e-01 5.033647375504710642e-01 5.012497596616035667e-01 5.029801961161315393e-01 5.029801961161315393e-01 4.999038646414151188e-01 5.168236877523553208e-01
5.279753893482023175e-01 4.950970967121707256e-01 5.387425495097096784e-01 5.060565275908479599e-01 5.181695827725437686e-01 5.302826379542395774e-01 5.195154777927322165e-01 5.295135550855604167e-01 5.229763507017881619e-01 4.962507210151894110e-01 5.002884060757546436e-01 4.875985387425494921e-01 4.881753508940588349e-01 5.035570082676408266e-01 5.035570082676408266e-01 5.027879253989617769e-01 5.049029032878292744e-01 5.381657373582003911e-01 5.006729475100941684e-01 4.975966160353778034e-01 5.000961353585848812e-01
4.843299365506633092e-01 5.031724668333013017e-01 5.149009805806575857e-01 4.960584502980195931e-01 5.254758700249951842e-01 5.114401076716016403e-01 5.237454335704672115e-01 5.220149971159392388e-01 5.166314170351855584e-01 5.193232070755623431e-01 5.222072678331090012e-01 5.214381849644299516e-01 5.050951740049990368e-01 5.018265718131128539e-01 5.012497596616035667e-01 5.012497596616035667e-01 4.985579696212266709e-01 4.972120746010382786e-01 4.956739088636800683e-01 5.064410690251874847e-01 5.075946933282060591e-01
5.097096712170736676e-01 5.116323783887714027e-01 5.079792347625456950e-01 5.074024226110362967e-01 5.099019419342434301e-01 5.139396269948086626e-01 5.204768313785810285e-01 5.527783118631032222e-01 5.510478754085752495e-01 5.502787925398961999e-01 5.341280522976350476e-01 5.368198423380119433e-01 5.302826379542395774e-01 5.256681407421649466e-01 5.168236877523553208e-01 5.168236877523553208e-01 5.104787540857527173e-01 5.152855220149971105e-01 5.166314170351855584e-01 5.245145164391463721e-01 5.250913285906556593e-01
4.716400692174581577e-01 4.929821188233032281e-01 5.025956546817920145e-01 5.008652182272640419e-01 5.022111132474523787e-01 5.049029032878292744e-01 5.043260911363199872e-01 4.966352624495289358e-01 4.997115939242453564e-01 5.010574889444338043e-01 5.014420303787733291e-01 5.014420303787733291e-01 5.041338204191501138e-01 5.041338204191501138e-01 4.866371851567006246e-01 4.941357431263218580e-01 4.941357431263218580e-01 4.931743895404729905e-01 4.958661795808498307e-01 4.958661795808498307e-01 4.902903287829263879e-01
5.020188425302826163e-01 4.862526437223610998e-01 4.899057873485868075e-01 5.341280522976350476e-01 5.212459142472601892e-01 5.170159584695250832e-01 5.273985771966929192e-01 5.120169198231109275e-01 4.995193232070755385e-01 5.331666987117862355e-01 5.254758700249951842e-01 5.310517208229186270e-01 5.589309748125360633e-01 5.677754278023456891e-01 5.354739473178234954e-01 5.604691405498942736e-01 5.510478754085752495e-01 5.506633339742357247e-01 5.472024610651797794e-01 5.498942511055566751e-01 5.568159969236685658e-01
4.626033455104787695e-01 4.989425110555662513e-01 4.529898096519899831e-01 4.595270140357623490e-01 4.522207267833108779e-01 4.545279753893481933e-01 4.589502018842530062e-01 4.668333012882138200e-01 4.637569698134973994e-01 4.818304172274562314e-01 4.758700249951932082e-01 4.839453951163237844e-01 4.806767929244376014e-01 4.910594116516054375e-01 4.918284945202845426e-01 4.972120746010382786e-01 4.983656989040569085e-01 4.918284945202845426e-01 4.906748702172659127e-01 4.881753508940588349e-01 5.191309363583925807e-01
4.935589309748125153e-01 5.024033839646221411e-01 5.462411074793308563e-01 5.543164776004614325e-01 5.497019803883868017e-01 5.360507594693327826e-01 5.289367429340511295e-01 5.243222457219764987e-01 5.314362622572582628e-01 5.364353009036724185e-01 5.373966544895212305e-01 5.260526821765044714e-01 5.260526821765044714e-01 5.281676600653720799e-01 4.985579696212266709e-01 4.985579696212266709e-01 4.985579696212266709e-01 4.985579696212266709e-01 4.985579696212266709e-01 5.014420303787733291e-01 5.014420303787733291e-01
5.145164391463180609e-01 4.756777542780234458e-01 4.993270524899057761e-01 5.283599307825418423e-01 5.000961353585848812e-01 5.352816766006537330e-01 5.191309363583925807e-01 5.375889252066909929e-01 5.383580080753701536e-01 5.377811959238607553e-01 5.139396269948086626e-01 5.022111132474523787e-01 5.049029032878292744e-01 5.024033839646221411e-01 5.018265718131128539e-01 5.266294943280138696e-01 5.318208036915977877e-01 5.312439915400883894e-01 5.273985771966929192e-01 5.345125937319745724e-01 5.345125937319745724e-01
5.483560853681984648e-01 5.122091905402806900e-01 5.089405883483945070e-01 5.389348202268794408e-01 5.064410690251874847e-01 5.410497981157469383e-01 5.175927706210343704e-01 5.272063064795231568e-01 5.179773120553740062e-01 5.145164391463180609e-01 5.152855220149971105e-01 5.145164391463180609e-01 5.160546048836762711e-01 5.137473562776389002e-01 5.122091905402806900e-01 5.099019419342434301e-01 5.366275716208421809e-01 5.362430301865025450e-01 5.423956931359353861e-01 5.493174389540472768e-01 5.156700634493366353e-01
5.137473562776389002e-01 5.072101518938665343e-01 5.162468756008460335e-01 4.877908094597193100e-01 4.837531243991540220e-01 4.768313785810421312e-01 4.941357431263218580e-01 5.014420303787733291e-01 4.814458757931167066e-01 4.704864449144395278e-01 4.689482791770813175e-01 4.543357046721784309e-01 4.729859642376466056e-01 4.677946548740626875e-01 4.922130359546241229e-01 5.066333397423572471e-01 5.102864833685829549e-01 5.062487983080177223e-01 5.045183618534897496e-01 4.914439530859450178e-01 4.956739088636800683e-01
4.893289751970774648e-01 4.985579696212266709e-01 4.777927321668909988e-01 4.797154393385887339e-01 5.085560469140549822e-01 4.860603730051912819e-01 4.749086714093443407e-01 5.095174004999039052e-01 4.912516823687752554e-01 4.952893674293404880e-01 4.751009421265141586e-01 4.420303787733128043e-01 4.452989809651989872e-01 4.491443953085945129e-01 4.570274947125552711e-01 4.839453951163237844e-01 4.849067487021726519e-01 5.108632955200922421e-01 5.099019419342434301e-01 4.902903287829263879e-01 4.902903287829263879e-01
5.127860026917900882e-01 4.800999807729282587e-01 5.150932512978273481e-01 4.662564891367044773e-01 4.464526052682176727e-01 4.535666218034993258e-01 4.378004229955777538e-01 4.476062295712363026e-01 4.676023841568929251e-01 4.599115554701019293e-01 4.766391078638723133e-01 4.668333012882138200e-01 4.764468371467025509e-01 4.797154393385887339e-01 4.870217265910402049e-01 4.956739088636800683e-01 4.906748702172659127e-01 4.864449144395308622e-01 4.866371851567006246e-01 4.858681022880215195e-01 5.062487983080177223e-01
