5.049029032878292744e-01 5.193232070755623431e-01 5.031724668333013017e-01 5.056719861565083241e-01 4.962507210151894110e-01 5.072101518938665343e-01 5.091328590655642694e-01 5.081715054797154574e-01 5.095174004999039052e-01 5.099019419342434301e-01 5.079792347625456950e-01 5.108632955200922421e-01 5.106710248029224797e-01 5.097096712170736676e-01 5.106710248029224797e-01 5.095174004999039052e-01 5.091328590655642694e-01 5.083637761968852198e-01 5.097096712170736676e-01 5.102864833685829549e-01 5.097096712170736676e-01
5.368198423380119433e-01 5.247067871563161345e-01 5.022111132474523787e-01 5.116323783887714027e-01 5.027879253989617769e-01 5.029801961161315393e-01 5.010574889444338043e-01 5.012497596616035667e-01 4.991347817727360137e-01 4.979811574697173837e-01 4.993270524899057761e-01 5.002884060757546436e-01 4.991347817727360137e-01 4.985579696212266709e-01 4.995193232070755385e-01 4.997115939242453564e-01 5.000961353585848812e-01 4.995193232070755385e-01 4.997115939242453564e-01 4.999038646414151188e-01 4.997115939242453564e-01
4.983656989040569085e-01 4.916362238031147802e-01 4.935589309748125153e-01 4.949048259950009632e-01 4.964429917323591734e-01 4.925975773889636478e-01 4.947125552778312008e-01 4.977888867525475658e-01 4.979811574697173837e-01 4.972120746010382786e-01 4.977888867525475658e-01 4.975966160353778034e-01 4.977888867525475658e-01 4.975966160353778034e-01 4.977888867525475658e-01 4.975966160353778034e-01 4.985579696212266709e-01 4.977888867525475658e-01 4.952893674293404880e-01 4.966352624495289358e-01 4.958661795808498307e-01
5.016343010959430915e-01 5.193232070755623431e-01 5.427802345702749109e-01 5.254758700249951842e-01 5.408575273985771759e-01 5.293212843683906543e-01 5.308594501057488646e-01 5.385502787925399160e-01 5.343203230148048100e-01 5.416266102672563365e-01 5.366275716208421809e-01 5.441261295904633588e-01 5.450874831763122819e-01 5.445106710248028836e-01 5.456642953278215691e-01 5.485483560853682272e-01 5.479715439338588290e-01 5.495097096712170393e-01 5.520092289944241726e-01 5.500865218227264375e-01 5.498942511055566751e-01
4.900980580657565699e-01 5.248990578734858969e-01 5.443184003076331212e-01 5.379734666410305177e-01 5.414343395500865741e-01 5.383580080753701536e-01 5.200922899442415037e-01 5.443184003076331212e-01 5.479715439338588290e-01 5.416266102672563365e-01 5.460488367621610939e-01 5.458565660449913315e-01 5.462411074793308563e-01 5.448952124591425195e-01 5.433570467217843092e-01 5.468179196308402545e-01 5.464333781965006187e-01 5.481638146510287024e-01 5.508556046914054871e-01 5.514324168429147743e-01 5.516246875600846478e-01
4.751009421265141586e-01 4.881753508940588349e-01 4.856758315708517570e-01 5.070178811766967719e-01 5.139396269948086626e-01 5.216304556815997140e-01 5.245145164391463721e-01 5.243222457219764987e-01 5.256681407421649466e-01 5.258604114593347090e-01 5.273985771966929192e-01 5.256681407421649466e-01 5.239377042876369739e-01 5.275908479138626817e-01 5.245145164391463721e-01 5.250913285906556593e-01 5.264372236108441072e-01 5.285522014997116047e-01 5.289367429340511295e-01 5.314362622572582628e-01 5.304749086714093398e-01
5.323976158431070749e-01 5.491251682368775144e-01 5.298980965199000526e-01 5.318208036915977877e-01 5.445106710248028836e-01 5.183618534897135310e-01 5.074024226110362967e-01 5.116323783887714027e-01 5.095174004999039052e-01 5.099019419342434301e-01 5.058642568736780865e-01 5.122091905402806900e-01 5.106710248029224797e-01 5.095174004999039052e-01 5.087483176312247446e-01 5.106710248029224797e-01 5.085560469140549822e-01 5.114401076716016403e-01 5.118246491059411651e-01 5.125937319746202148e-01 5.097096712170736676e-01
4.685637377427417927e-01 4.733705056719861304e-01 4.854835608536819946e-01 4.893289751970774648e-01 5.012497596616035667e-01 4.862526437223610998e-01 4.845222072678331271e-01 4.950970967121707256e-01 4.699096327629301850e-01 4.758700249951932082e-01 4.810613343587771817e-01 4.889444337627379400e-01 4.875985387425494921e-01 4.950970967121707256e-01 4.991347817727360137e-01 5.008652182272640419e-01 5.022111132474523787e-01 5.022111132474523787e-01 5.024033839646221411e-01 5.058642568736780865e-01 5.027879253989617769e-01
5.054797154393385616e-01 5.273985771966929192e-01 5.477792732166890666e-01 5.175927706210343704e-01 4.954816381465103059e-01 4.912516823687752554e-01 5.037492789848105890e-01 5.187463949240530559e-01 5.075946933282060591e-01 5.029801961161315393e-01 5.091328590655642694e-01 5.083637761968852198e-01 5.056719861565083241e-01 5.037492789848105890e-01 5.060565275908479599e-01 5.075946933282060591e-01 5.089405883483945070e-01 5.087483176312247446e-01 5.074024226110362967e-01 5.070178811766967719e-01 5.077869640453759326e-01
5.325898865602768373e-01 5.279753893482023175e-01 5.383580080753701536e-01 5.379734666410305177e-01 5.493174389540472768e-01 5.308594501057488646e-01 5.283599307825418423e-01 5.323976158431070749e-01 5.329744279946164731e-01 5.323976158431070749e-01 5.364353009036724185e-01 5.400884445298981262e-01 5.406652566814074135e-01 5.400884445298981262e-01 5.410497981157469383e-01 5.370121130551817057e-01 5.389348202268794408e-01 5.398961738127283638e-01 5.416266102672563365e-01 5.389348202268794408e-01 5.393193616612189656e-01
4.850990194193424143e-01 5.127860026917900882e-01 5.295135550855604167e-01 5.237454335704672115e-01 5.216304556815997140e-01 5.158623341665063977e-01 5.120169198231109275e-01 5.183618534897135310e-01 5.175927706210343704e-01 5.174004999038646080e-01 5.187463949240530559e-01 5.197077485099019789e-01 5.191309363583925807e-01 5.195154777927322165e-01 5.210536435300903157e-01 5.220149971159392388e-01 5.231686214189579243e-01 5.256681407421649466e-01 5.237454335704672115e-01 5.243222457219764987e-01 5.193232070755623431e-01
4.979811574697173837e-01 5.104787540857527173e-01 5.139396269948086626e-01 5.102864833685829549e-01 5.147087098634878233e-01 5.122091905402806900e-01 5.158623341665063977e-01 5.223995385502787636e-01 5.212459142472601892e-01 5.212459142472601892e-01 5.231686214189579243e-01 5.266294943280138696e-01 5.281676600653720799e-01 5.341280522976350476e-01 5.314362622572582628e-01 5.298980965199000526e-01 5.260526821765044714e-01 5.362430301865025450e-01 5.295135550855604167e-01 5.247067871563161345e-01 5.283599307825418423e-01
4.729859642376466056e-01 4.629878869448182943e-01 4.795231686214189715e-01 4.627956162276485319e-01 4.697173620457604226e-01 4.687560084599115551e-01 4.727936935204768432e-01 4.747164006921745782e-01 4.754854835608536834e-01 4.739473178234954731e-01 4.754854835608536834e-01 4.756777542780234458e-01 4.751009421265141586e-01 4.745241299750048158e-01 4.754854835608536834e-01 4.756777542780234458e-01 4.760622957123630261e-01 4.762545664295327885e-01 4.768313785810421312e-01 4.799077100557584963e-01 4.766391078638723133e-01
5.012497596616035667e-01 5.056719861565083241e-01 5.025956546817920145e-01 5.047106325706595120e-01 5.031724668333013017e-01 5.031724668333013017e-01 5.033647375504710642e-01 5.033647375504710642e-01 5.031724668333013017e-01 5.029801961161315393e-01 5.022111132474523787e-01 5.029801961161315393e-01 5.027879253989617769e-01 5.029801961161315393e-01 5.037492789848105890e-01 5.035570082676408266e-01 5.035570082676408266e-01 5.031724668333013017e-01 5.033647375504710642e-01 5.029801961161315393e-01 5.033647375504710642e-01
4.622188040761391892e-01 5.212459142472601892e-01 5.283599307825418423e-01 5.345125937319745724e-01 5.285522014997116047e-01 5.304749086714093398e-01 5.264372236108441072e-01 5.306671793885791022e-01 5.316285329744280252e-01 5.320130744087675501e-01 5.318208036915977877e-01 5.327821572774465997e-01 5.260526821765044714e-01 5.331666987117862355e-01 5.302826379542395774e-01 5.302826379542395774e-01 5.318208036915977877e-01 5.316285329744280252e-01 5.310517208229186270e-01 5.327821572774465997e-01 5.356662180349932578e-01
5.070178811766967719e-01 5.281676600653720799e-01 5.445106710248028836e-01 5.333589694289559979e-01 5.281676600653720799e-01 5.289367429340511295e-01 5.223995385502787636e-01 5.262449528936743448e-01 5.237454335704672115e-01 5.235531628532974491e-01 5.250913285906556593e-01 5.247067871563161345e-01 5.229763507017881619e-01 5.237454335704672115e-01 5.227840799846182884e-01 5.233608921361276867e-01 5.229763507017881619e-01 5.233608921361276867e-01 5.233608921361276867e-01 5.235531628532974491e-01 5.233608921361276867e-01
5.145164391463180609e-01 5.150932512978273481e-01 4.974043453182080410e-01 5.016343010959430915e-01 4.977888867525475658e-01 4.977888867525475658e-01 4.950970967121707256e-01 4.933666602576427529e-01 4.939434724091520956e-01 4.947125552778312008e-01 4.950970967121707256e-01 4.950970967121707256e-01 4.949048259950009632e-01 4.947125552778312008e-01 4.962507210151894110e-01 4.956739088636800683e-01 4.958661795808498307e-01 4.968275331666986983e-01 4.952893674293404880e-01 4.952893674293404880e-01 4.954816381465103059e-01
5.481638146510287024e-01 5.358584887521630202e-01 5.227840799846182884e-01 5.216304556815997140e-01 5.177850413382042438e-01 5.168236877523553208e-01 4.927898481061334102e-01 5.118246491059411651e-01 5.320130744087675501e-01 5.568159969236685658e-01 5.460488367621610939e-01 5.464333781965006187e-01 5.550855604691405931e-01 5.502787925398961999e-01 5.481638146510287024e-01 5.493174389540472768e-01 5.547010190348009573e-01 5.533551240146126204e-01 5.527783118631032222e-01 5.593155162468755881e-01 5.639300134589502189e-01
5.139396269948086626e-01 5.385502787925399160e-01 5.489328975197077520e-01 5.425879638531051485e-01 5.406652566814074135e-01 5.410497981157469383e-01 5.414343395500865741e-01 5.420111517015958613e-01 5.473947317823495418e-01 5.487406268025379896e-01 5.391270909440492032e-01 5.462411074793308563e-01 5.487406268025379896e-01 5.447029417419726460e-01 5.450874831763122819e-01 5.435493174389540716e-01 5.443184003076331212e-01 5.477792732166890666e-01 5.397039030955586014e-01 5.354739473178234954e-01 5.343203230148048100e-01
5.285522014997116047e-01 5.325898865602768373e-01 5.306671793885791022e-01 5.318208036915977877e-01 5.308594501057488646e-01 5.318208036915977877e-01 5.308594501057488646e-01 5.308594501057488646e-01 5.312439915400883894e-01 5.308594501057488646e-01 5.310517208229186270e-01 5.308594501057488646e-01 5.306671793885791022e-01 5.310517208229186270e-01 5.312439915400883894e-01 5.325898865602768373e-01 5.314362622572582628e-01 5.312439915400883894e-01 5.312439915400883894e-01 5.308594501057488646e-01 5.314362622572582628e-01
5.125937319746202148e-01 5.114401076716016403e-01 4.822149586617958117e-01 5.089405883483945070e-01 5.162468756008460335e-01 5.208613728129205533e-01 5.360507594693327826e-01 5.387425495097096784e-01 5.402807152470678886e-01 5.408575273985771759e-01 5.250913285906556593e-01 5.379734666410305177e-01 5.331666987117862355e-01 5.325898865602768373e-01 5.335512401461257603e-01 5.385502787925399160e-01 5.377811959238607553e-01 5.372043837723514681e-01 5.391270909440492032e-01 5.379734666410305177e-01 5.279753893482023175e-01
