5.045183618534897496e-01 5.210536435300903157e-01 5.398961738127283638e-01 5.216304556815997140e-01 5.125937319746202148e-01 5.110555662372621155e-01 5.102864833685829549e-01 5.137473562776389002e-01 5.125937319746202148e-01 5.156700634493366353e-01 5.125937319746202148e-01 5.124014612574504524e-01 5.174004999038646080e-01 5.168236877523553208e-01 5.168236877523553208e-01 5.216304556815997140e-01 5.227840799846182884e-01 5.225918092674485260e-01 5.293212843683906543e-01 5.343203230148048100e-01 5.347048644491444458e-01
5.370121130551817057e-01 5.262449528936743448e-01 5.031724668333013017e-01 5.006729475100941684e-01 5.137473562776389002e-01 5.056719861565083241e-01 5.089405883483945070e-01 5.062487983080177223e-01 5.114401076716016403e-01 5.093251297827341428e-01 5.116323783887714027e-01 5.160546048836762711e-01 5.154777927321668729e-01 5.158623341665063977e-01 5.177850413382042438e-01 5.220149971159392388e-01 5.608536819842337984e-01 5.477792732166890666e-01 5.597000576812151129e-01 5.646990963276292685e-01 5.710440299942318720e-01
4.975966160353778034e-01 4.854835608536819946e-01 5.127860026917900882e-01 4.958661795808498307e-01 5.049029032878292744e-01 5.004806767929244060e-01 4.737550471063257107e-01 4.993270524899057761e-01 4.743318592578350534e-01 4.745241299750048158e-01 4.745241299750048158e-01 4.841376658334935468e-01 4.745241299750048158e-01 4.737550471063257107e-01 4.720246106517977380e-01 4.726014228033070808e-01 4.737550471063257107e-01 4.735627763891559483e-01 4.814458757931167066e-01 4.808690636416073638e-01 4.779850028840607612e-01
5.022111132474523787e-01 5.022111132474523787e-01 4.860603730051912819e-01 4.841376658334935468e-01 5.000961353585848812e-01 4.849067487021726519e-01 4.991347817727360137e-01 4.710632570659488705e-01 4.779850028840607612e-01 4.733705056719861304e-01 4.714477985002883953e-01 4.756777542780234458e-01 4.691405498942510799e-01 4.762545664295327885e-01 4.708709863487791081e-01 4.693328206114208978e-01 4.699096327629301850e-01 4.699096327629301850e-01 4.726014228033070808e-01 4.777927321668909988e-01 4.737550471063257107e-01
5.177850413382042438e-01 5.431647760046145468e-01 5.375889252066909929e-01 5.304749086714093398e-01 5.239377042876369739e-01 5.260526821765044714e-01 5.243222457219764987e-01 5.254758700249951842e-01 5.252835993078254218e-01 5.250913285906556593e-01 5.235531628532974491e-01 5.229763507017881619e-01 5.227840799846182884e-01 5.262449528936743448e-01 5.245145164391463721e-01 5.248990578734858969e-01 5.268217650451836320e-01 5.262449528936743448e-01 5.250913285906556593e-01 5.268217650451836320e-01 5.270140357623533944e-01
4.751009421265141586e-01 4.904825995000961503e-01 5.164391463180157960e-01 5.222072678331090012e-01 5.127860026917900882e-01 5.133628148432993754e-01 5.052874447221687992e-01 5.108632955200922421e-01 5.102864833685829549e-01 5.143241684291481874e-01 5.114401076716016403e-01 5.099019419342434301e-01 5.075946933282060591e-01 5.116323783887714027e-01 5.100942126514131925e-01 5.114401076716016403e-01 5.114401076716016403e-01 5.114401076716016403e-01 5.118246491059411651e-01 5.114401076716016403e-01 5.114401076716016403e-01
5.323976158431070749e-01 5.125937319746202148e-01 5.254758700249951842e-01 5.418188809844260989e-01 5.362430301865025450e-01 5.335512401461257603e-01 5.441261295904633588e-01 5.437415881561238340e-01 5.312439915400883894e-01 5.370121130551817057e-01 5.373966544895212305e-01 5.239377042876369739e-01 5.358584887521630202e-01 5.364353009036724185e-01 5.381657373582003911e-01 5.364353009036724185e-01 5.312439915400883894e-01 5.370121130551817057e-01 5.352816766006537330e-01 5.341280522976350476e-01 5.325898865602768373e-01
4.683714670255720303e-01 4.614497212074600840e-01 4.887521630455681776e-01 4.950970967121707256e-01 5.010574889444338043e-01 4.931743895404729905e-01 4.902903287829263879e-01 4.879830801768890725e-01 4.883676216112285973e-01 4.956739088636800683e-01 4.885598923283983597e-01 4.972120746010382786e-01 4.897135166314170451e-01 4.950970967121707256e-01 4.920207652374543605e-01 4.929821188233032281e-01 4.972120746010382786e-01 4.929821188233032281e-01 4.949048259950009632e-01 4.979811574697173837e-01 4.977888867525475658e-01
5.070178811766967719e-01 5.049029032878292744e-01 5.018265718131128539e-01 4.979811574697173837e-01 4.952893674293404880e-01 4.981734281868871461e-01 4.997115939242453564e-01 4.900980580657565699e-01 4.931743895404729905e-01 4.974043453182080410e-01 5.000961353585848812e-01 4.962507210151894110e-01 4.985579696212266709e-01 4.952893674293404880e-01 4.941357431263218580e-01 4.935589309748125153e-01 4.925975773889636478e-01 4.929821188233032281e-01 4.937512016919823332e-01 4.941357431263218580e-01 4.935589309748125153e-01
5.325898865602768373e-01 5.089405883483945070e-01 5.031724668333013017e-01 5.024033839646221411e-01 5.052874447221687992e-01 5.012497596616035667e-01 4.995193232070755385e-01 4.977888867525475658e-01 4.985579696212266709e-01 5.006729475100941684e-01 4.991347817727360137e-01 4.979811574697173837e-01 4.960584502980195931e-01 4.977888867525475658e-01 4.997115939242453564e-01 5.006729475100941684e-01 4.993270524899057761e-01 4.991347817727360137e-01 5.008652182272640419e-01 5.025956546817920145e-01 5.010574889444338043e-01
4.843299365506633092e-01 4.870217265910402049e-01 4.975966160353778034e-01 5.037492789848105890e-01 5.020188425302826163e-01 4.983656989040569085e-01 4.972120746010382786e-01 4.889444337627379400e-01 4.916362238031147802e-01 4.885598923283983597e-01 4.904825995000961503e-01 4.889444337627379400e-01 4.908671409344356751e-01 4.933666602576427529e-01 4.962507210151894110e-01 4.997115939242453564e-01 5.006729475100941684e-01 4.991347817727360137e-01 5.004806767929244060e-01 4.981734281868871461e-01 4.997115939242453564e-01
4.985579696212266709e-01 4.987502403383964888e-01 5.191309363583925807e-01 5.150932512978273481e-01 5.093251297827341428e-01 5.062487983080177223e-01 4.999038646414151188e-01 5.052874447221687992e-01 5.022111132474523787e-01 5.037492789848105890e-01 5.050951740049990368e-01 5.045183618534897496e-01 5.033647375504710642e-01 4.983656989040569085e-01 5.066333397423572471e-01 5.068256104595270095e-01 5.093251297827341428e-01 5.125937319746202148e-01 5.141318977119784250e-01 5.145164391463180609e-01 5.193232070755623431e-01
4.727936935204768432e-01 4.626033455104787695e-01 4.737550471063257107e-01 4.870217265910402049e-01 4.727936935204768432e-01 5.041338204191501138e-01 5.181695827725437686e-01 4.827917708133051544e-01 4.793308979042492091e-01 4.854835608536819946e-01 4.831763122476446792e-01 4.902903287829263879e-01 4.845222072678331271e-01 4.902903287829263879e-01 4.829840415304749168e-01 4.983656989040569085e-01 4.843299365506633092e-01 5.075946933282060591e-01 4.952893674293404880e-01 4.864449144395308622e-01 4.983656989040569085e-01
5.006729475100941684e-01 5.062487983080177223e-01 5.074024226110362967e-01 5.102864833685829549e-01 5.062487983080177223e-01 5.050951740049990368e-01 5.043260911363199872e-01 5.045183618534897496e-01 5.045183618534897496e-01 5.056719861565083241e-01 5.064410690251874847e-01 5.054797154393385616e-01 5.075946933282060591e-01 5.093251297827341428e-01 5.102864833685829549e-01 5.387425495097096784e-01 5.220149971159392388e-01 5.260526821765044714e-01 5.245145164391463721e-01 5.258604114593347090e-01 5.264372236108441072e-01
4.624110747933089516e-01 5.179773120553740062e-01 5.029801961161315393e-01 5.150932512978273481e-01 5.049029032878292744e-01 5.079792347625456950e-01 4.970198038838684607e-01 5.010574889444338043e-01 5.000961353585848812e-01 5.033647375504710642e-01 5.029801961161315393e-01 5.110555662372621155e-01 5.110555662372621155e-01 5.091328590655642694e-01 5.104787540857527173e-01 5.085560469140549822e-01 5.112478369544318779e-01 5.112478369544318779e-01 5.075946933282060591e-01 5.079792347625456950e-01 5.100942126514131925e-01
5.064410690251874847e-01 5.295135550855604167e-01 5.460488367621610939e-01 5.391270909440492032e-01 5.448952124591425195e-01 5.327821572774465997e-01 5.160546048836762711e-01 5.275908479138626817e-01 5.060565275908479599e-01 5.206691020957507909e-01 5.277831186310324441e-01 5.364353009036724185e-01 5.416266102672563365e-01 5.325898865602768373e-01 5.216304556815997140e-01 5.331666987117862355e-01 5.329744279946164731e-01 5.350894058834839706e-01 5.318208036915977877e-01 5.360507594693327826e-01 5.370121130551817057e-01
5.147087098634878233e-01 5.154777927321668729e-01 4.966352624495289358e-01 4.974043453182080410e-01 4.987502403383964888e-01 4.993270524899057761e-01 4.983656989040569085e-01 4.989425110555662513e-01 4.983656989040569085e-01 4.987502403383964888e-01 4.989425110555662513e-01 4.991347817727360137e-01 4.989425110555662513e-01 4.989425110555662513e-01 4.987502403383964888e-01 4.995193232070755385e-01 4.995193232070755385e-01 4.995193232070755385e-01 4.993270524899057761e-01 5.018265718131128539e-01 5.002884060757546436e-01
5.481638146510287024e-01 5.350894058834839706e-01 5.320130744087675501e-01 5.247067871563161345e-01 5.358584887521630202e-01 5.322053451259373125e-01 5.206691020957507909e-01 5.147087098634878233e-01 5.120169198231109275e-01 5.139396269948086626e-01 5.064410690251874847e-01 5.152855220149971105e-01 5.156700634493366353e-01 5.225918092674485260e-01 5.273985771966929192e-01 5.325898865602768373e-01 5.295135550855604167e-01 5.312439915400883894e-01 5.304749086714093398e-01 5.302826379542395774e-01 5.343203230148048100e-01
5.137473562776389002e-01 5.420111517015958613e-01 5.306671793885791022e-01 5.268217650451836320e-01 5.283599307825418423e-01 5.293212843683906543e-01 5.162468756008460335e-01 5.258604114593347090e-01 5.273985771966929192e-01 5.225918092674485260e-01 5.314362622572582628e-01 5.283599307825418423e-01 5.262449528936743448e-01 5.373966544895212305e-01 5.479715439338588290e-01 5.550855604691405931e-01 5.550855604691405931e-01 5.560469140549894052e-01 5.625841184387617711e-01 5.691213228225341370e-01 5.610459527014035608e-01
5.279753893482023175e-01 5.220149971159392388e-01 5.233608921361276867e-01 5.266294943280138696e-01 5.266294943280138696e-01 5.287444722168813671e-01 5.293212843683906543e-01 5.291290136512208919e-01 5.295135550855604167e-01 5.297058258027302902e-01 5.302826379542395774e-01 5.304749086714093398e-01 5.302826379542395774e-01 5.304749086714093398e-01 5.304749086714093398e-01 5.302826379542395774e-01 5.314362622572582628e-01 5.314362622572582628e-01 5.322053451259373125e-01 5.310517208229186270e-01 5.306671793885791022e-01
5.127860026917900882e-01 4.877908094597193100e-01 5.131705441261296130e-01 5.035570082676408266e-01 5.177850413382042438e-01 5.310517208229186270e-01 5.210536435300903157e-01 5.247067871563161345e-01 5.185541242068832934e-01 5.147087098634878233e-01 5.187463949240530559e-01 5.200922899442415037e-01 5.254758700249951842e-01 5.302826379542395774e-01 5.235531628532974491e-01 5.235531628532974491e-01 5.275908479138626817e-01 5.343203230148048100e-01 5.383580080753701536e-01 5.335512401461257603e-01 5.372043837723514681e-01
