5.214381849644299516e-01 4.985579696212266709e-01 5.516246875600846478e-01 5.183618534897135310e-01 5.310517208229186270e-01 5.272063064795231568e-01 5.145164391463180609e-01 5.118246491059411651e-01 5.037492789848105890e-01 5.247067871563161345e-01 5.256681407421649466e-01 5.281676600653720799e-01 5.425879638531051485e-01 5.443184003076331212e-01 5.479715439338588290e-01 5.437415881561238340e-01 5.535473947317823828e-01 5.491251682368775144e-01 5.504710632570659623e-01 5.473947317823495418e-01 5.458565660449913315e-01
5.370121130551817057e-01 5.116323783887714027e-01 5.293212843683906543e-01 5.241299750048067363e-01 5.504710632570659623e-01 5.510478754085752495e-01 5.472024610651797794e-01 5.514324168429147743e-01 5.470101903480100169e-01 5.597000576812151129e-01 5.575850797923476154e-01 5.635454720246106941e-01 5.610459527014035608e-01 5.518169582772544102e-01 5.698904056912131866e-01 5.548932897519707197e-01 5.568159969236685658e-01 5.533551240146126204e-01 5.408575273985771759e-01 5.279753893482023175e-01 5.391270909440492032e-01
4.854835608536819946e-01 5.468179196308402545e-01 4.924053066717938854e-01 5.143241684291481874e-01 4.983656989040569085e-01 5.031724668333013017e-01 5.124014612574504524e-01 5.310517208229186270e-01 5.156700634493366353e-01 5.239377042876369739e-01 5.179773120553740062e-01 5.247067871563161345e-01 5.268217650451836320e-01 5.281676600653720799e-01 5.239377042876369739e-01 5.254758700249951842e-01 5.337435108632955227e-01 5.360507594693327826e-01 5.247067871563161345e-01 5.262449528936743448e-01 5.318208036915977877e-01
5.149009805806575857e-01 4.797154393385887339e-01 4.885598923283983597e-01 4.783695443184002860e-01 5.035570082676408266e-01 4.812536050759469441e-01 4.983656989040569085e-01 4.954816381465103059e-01 4.958661795808498307e-01 5.020188425302826163e-01 5.060565275908479599e-01 5.124014612574504524e-01 5.033647375504710642e-01 5.074024226110362967e-01 4.960584502980195931e-01 4.922130359546241229e-01 4.975966160353778034e-01 4.985579696212266709e-01 4.918284945202845426e-01 5.195154777927322165e-01 5.029801961161315393e-01
4.904825995000961503e-01 5.247067871563161345e-01 5.254758700249951842e-01 5.210536435300903157e-01 5.204768313785810285e-01 5.206691020957507909e-01 5.200922899442415037e-01 5.177850413382042438e-01 5.322053451259373125e-01 5.295135550855604167e-01 5.339357815804652851e-01 5.343203230148048100e-01 5.262449528936743448e-01 5.262449528936743448e-01 5.262449528936743448e-01 5.170159584695250832e-01 5.227840799846182884e-01 5.227840799846182884e-01 5.210536435300903157e-01 5.210536435300903157e-01 5.218227263987694764e-01
4.751009421265141586e-01 4.466448759853874351e-01 4.841376658334935468e-01 4.977888867525475658e-01 4.912516823687752554e-01 4.781772736012305236e-01 4.716400692174581577e-01 4.716400692174581577e-01 5.060565275908479599e-01 4.995193232070755385e-01 4.925975773889636478e-01 4.977888867525475658e-01 4.997115939242453564e-01 4.933666602576427529e-01 4.937512016919823332e-01 5.025956546817920145e-01 5.058642568736780865e-01 5.062487983080177223e-01 5.058642568736780865e-01 4.914439530859450178e-01 4.925975773889636478e-01
5.322053451259373125e-01 5.143241684291481874e-01 5.027879253989617769e-01 4.764468371467025509e-01 4.758700249951932082e-01 4.758700249951932082e-01 4.641415112478369798e-01 4.793308979042492091e-01 4.870217265910402049e-01 4.874062680253797297e-01 4.908671409344356751e-01 4.829840415304749168e-01 4.879830801768890725e-01 4.879830801768890725e-01 5.014420303787733291e-01 5.027879253989617769e-01 5.027879253989617769e-01 5.291290136512208919e-01 5.214381849644299516e-01 5.235531628532974491e-01 5.223995385502787636e-01
4.683714670255720303e-01 4.893289751970774648e-01 5.050951740049990368e-01 5.133628148432993754e-01 5.012497596616035667e-01 5.256681407421649466e-01 5.385502787925399160e-01 5.033647375504710642e-01 5.066333397423572471e-01 5.047106325706595120e-01 5.079792347625456950e-01 5.114401076716016403e-01 5.112478369544318779e-01 5.208613728129205533e-01 5.312439915400883894e-01 5.312439915400883894e-01 5.385502787925399160e-01 5.395116323783887280e-01 5.302826379542395774e-01 5.158623341665063977e-01 5.122091905402806900e-01
5.273985771966929192e-01 5.006729475100941684e-01 5.018265718131128539e-01 5.220149971159392388e-01 5.264372236108441072e-01 5.258604114593347090e-01 5.181695827725437686e-01 5.247067871563161345e-01 5.252835993078254218e-01 5.268217650451836320e-01 5.295135550855604167e-01 5.297058258027302902e-01 5.323976158431070749e-01 5.331666987117862355e-01 5.310517208229186270e-01 5.200922899442415037e-01 5.229763507017881619e-01 5.208613728129205533e-01 5.177850413382042438e-01 5.395116323783887280e-01 5.375889252066909929e-01
5.279753893482023175e-01 4.950970967121707256e-01 5.395116323783887280e-01 5.189386656412228183e-01 5.283599307825418423e-01 5.293212843683906543e-01 5.352816766006537330e-01 5.339357815804652851e-01 5.327821572774465997e-01 5.470101903480100169e-01 5.516246875600846478e-01 5.473947317823495418e-01 5.475870024995193042e-01 5.531628532974427470e-01 5.566237262064988034e-01 5.604691405498942736e-01 5.602768698327245112e-01 5.564314554893289300e-01 5.254758700249951842e-01 5.254758700249951842e-01 5.254758700249951842e-01
4.843299365506633092e-01 5.031724668333013017e-01 5.106710248029224797e-01 5.473947317823495418e-01 4.747164006921745782e-01 5.025956546817920145e-01 4.933666602576427529e-01 4.975966160353778034e-01 5.072101518938665343e-01 5.154777927321668729e-01 5.302826379542395774e-01 5.291290136512208919e-01 5.268217650451836320e-01 5.116323783887714027e-01 5.170159584695250832e-01 5.152855220149971105e-01 5.262449528936743448e-01 5.347048644491444458e-01 5.304749086714093398e-01 5.254758700249951842e-01 5.258604114593347090e-01
5.097096712170736676e-01 5.116323783887714027e-01 5.085560469140549822e-01 5.072101518938665343e-01 5.081715054797154574e-01 5.083637761968852198e-01 5.097096712170736676e-01 5.056719861565083241e-01 5.200922899442415037e-01 5.197077485099019789e-01 5.087483176312247446e-01 5.199000192270717413e-01 5.210536435300903157e-01 5.227840799846182884e-01 5.373966544895212305e-01 5.345125937319745724e-01 5.270140357623533944e-01 5.283599307825418423e-01 5.287444722168813671e-01 5.316285329744280252e-01 5.368198423380119433e-01
4.716400692174581577e-01 4.929821188233032281e-01 5.025956546817920145e-01 5.020188425302826163e-01 5.029801961161315393e-01 5.083637761968852198e-01 5.077869640453759326e-01 4.902903287829263879e-01 4.966352624495289358e-01 4.985579696212266709e-01 4.726014228033070808e-01 4.797154393385887339e-01 4.745241299750048158e-01 4.829840415304749168e-01 4.893289751970774648e-01 4.852912901365122322e-01 4.968275331666986983e-01 5.054797154393385616e-01 4.899057873485868075e-01 4.958661795808498307e-01 4.972120746010382786e-01
5.020188425302826163e-01 4.937512016919823332e-01 5.033647375504710642e-01 5.045183618534897496e-01 4.941357431263218580e-01 4.995193232070755385e-01 5.025956546817920145e-01 5.049029032878292744e-01 5.047106325706595120e-01 4.914439530859450178e-01 5.099019419342434301e-01 5.093251297827341428e-01 5.093251297827341428e-01 5.056719861565083241e-01 5.066333397423572471e-01 5.077869640453759326e-01 4.999038646414151188e-01 4.999038646414151188e-01 4.810613343587771817e-01 4.979811574697173837e-01 4.791386271870793911e-01
4.626033455104787695e-01 4.949048259950009632e-01 4.906748702172659127e-01 5.220149971159392388e-01 5.200922899442415037e-01 5.210536435300903157e-01 5.166314170351855584e-01 5.049029032878292744e-01 5.341280522976350476e-01 5.272063064795231568e-01 5.227840799846182884e-01 5.397039030955586014e-01 5.327821572774465997e-01 5.183618534897135310e-01 5.204768313785810285e-01 5.179773120553740062e-01 4.966352624495289358e-01 4.950970967121707256e-01 4.920207652374543605e-01 4.939434724091520956e-01 5.166314170351855584e-01
4.935589309748125153e-01 5.006729475100941684e-01 5.448952124591425195e-01 5.202845606614112661e-01 5.525860411459334598e-01 5.200922899442415037e-01 5.345125937319745724e-01 5.181695827725437686e-01 5.181695827725437686e-01 5.329744279946164731e-01 5.270140357623533944e-01 5.306671793885791022e-01 5.314362622572582628e-01 5.372043837723514681e-01 5.370121130551817057e-01 5.370121130551817057e-01 5.412420688329167007e-01 5.322053451259373125e-01 5.323976158431070749e-01 5.260526821765044714e-01 5.214381849644299516e-01
5.145164391463180609e-01 5.091328590655642694e-01 5.195154777927322165e-01 5.150932512978273481e-01 5.199000192270717413e-01 5.272063064795231568e-01 5.306671793885791022e-01 5.270140357623533944e-01 5.302826379542395774e-01 5.400884445298981262e-01 5.408575273985771759e-01 5.395116323783887280e-01 5.422034224187656237e-01 5.566237262064988034e-01 5.585464333781965385e-01 5.502787925398961999e-01 5.429725052874446733e-01 5.412420688329167007e-01 5.308594501057488646e-01 5.514324168429147743e-01 5.475870024995193042e-01
5.483560853681984648e-01 5.122091905402806900e-01 5.177850413382042438e-01 5.222072678331090012e-01 5.120169198231109275e-01 5.158623341665063977e-01 4.983656989040569085e-01 4.950970967121707256e-01 5.254758700249951842e-01 5.185541242068832934e-01 5.258604114593347090e-01 5.216304556815997140e-01 5.200922899442415037e-01 5.108632955200922421e-01 5.154777927321668729e-01 5.152855220149971105e-01 5.125937319746202148e-01 5.125937319746202148e-01 5.124014612574504524e-01 5.172082291866948456e-01 5.604691405498942736e-01
5.137473562776389002e-01 4.918284945202845426e-01 5.425879638531051485e-01 5.464333781965006187e-01 5.329744279946164731e-01 5.258604114593347090e-01 5.456642953278215691e-01 5.422034224187656237e-01 5.435493174389540716e-01 5.385502787925399160e-01 5.327821572774465997e-01 5.418188809844260989e-01 5.433570467217843092e-01 5.548932897519707197e-01 5.564314554893289300e-01 5.723899250144203199e-01 5.539319361661219077e-01 5.414343395500865741e-01 5.406652566814074135e-01 5.477792732166890666e-01 5.487406268025379896e-01
4.893289751970774648e-01 5.014420303787733291e-01 5.243222457219764987e-01 5.004806767929244060e-01 4.964429917323591734e-01 4.989425110555662513e-01 5.012497596616035667e-01 4.950970967121707256e-01 4.981734281868871461e-01 5.518169582772544102e-01 5.256681407421649466e-01 5.074024226110362967e-01 5.010574889444338043e-01 5.089405883483945070e-01 4.960584502980195931e-01 4.952893674293404880e-01 4.881753508940588349e-01 5.068256104595270095e-01 5.193232070755623431e-01 5.302826379542395774e-01 5.314362622572582628e-01
5.127860026917900882e-01 4.816381465102864690e-01 5.056719861565083241e-01 4.881753508940588349e-01 5.189386656412228183e-01 5.448952124591425195e-01 5.272063064795231568e-01 5.333589694289559979e-01 5.258604114593347090e-01 5.247067871563161345e-01 5.297058258027302902e-01 5.256681407421649466e-01 5.412420688329167007e-01 5.445106710248028836e-01 5.495097096712170393e-01 5.675831570851759267e-01 5.587387040953663009e-01 5.695058642568736618e-01 5.629686598731012959e-01 5.677754278023456891e-01 5.225918092674485260e-01
