5.606614112670640360e-01 7.629302057296674100e-01 7.379350124975966319e-01 7.379350124975966319e-01 7.379350124975966319e-01 7.379350124975966319e-01 7.379350124975966319e-01 7.379350124975966319e-01 7.379350124975966319e-01 7.379350124975966319e-01 7.379350124975966319e-01 7.506248798308017278e-01 7.652374543357046699e-01 7.652374543357046699e-01 7.848490674870217676e-01 7.921553547394731831e-01 7.967698519515478139e-01 7.786964045375889265e-01 7.758123437800422684e-01 7.690828686791001401e-01 7.669678907902326426e-01
7.681215150932513280e-01 3.555085560469140593e-01 5.714285714285713969e-01 7.852336089213612924e-01 8.098442607190924347e-01 8.067679292443761252e-01 8.027302441838107816e-01 8.027302441838107816e-01 8.027302441838107816e-01 8.027302441838107816e-01 8.063833878100364894e-01 7.836954431840030821e-01 7.644683714670256203e-01 6.446837146702557586e-01 6.877523553162853132e-01 7.133243606998653785e-01 7.365891174774081840e-01 7.323591616996731890e-01 8.109978850221111202e-01 8.109978850221111202e-01 8.461834262641799720e-01
6.385310517208229175e-01 7.015958469525090946e-01 7.048644491443952775e-01 6.967890790232647014e-01 7.115939242453374058e-01 7.100557585079791956e-01 7.100557585079791956e-01 7.100557585079791956e-01 7.100557585079791956e-01 7.100557585079791956e-01 7.087098634877908587e-01 7.087098634877908587e-01 7.087098634877908587e-01 7.087098634877908587e-01 6.956354547202461269e-01 7.133243606998653785e-01 7.565852720630648065e-01 7.821572774466448719e-01 8.015766198807922072e-01 8.046529513555085167e-01 8.248413766583349016e-01
6.789079023264756874e-01 4.001153624303018796e-01 6.175735435493174830e-01 4.768313785810421312e-01 5.975773889636608605e-01 7.114016535281676434e-01 7.400499903864641293e-01 7.498557969621226782e-01 7.498557969621226782e-01 7.783118631032494017e-01 7.683137858104210904e-01 7.683137858104210904e-01 7.683137858104210904e-01 7.187079407806190590e-01 7.731205537396654837e-01 8.075370121130551748e-01 7.946548740626802054e-01 7.602384156892905143e-01 7.610074985579696749e-01 8.046529513555085167e-01 7.986925591232455490e-01
6.044991347817727512e-01 6.940972889828879167e-01 7.050567198615650399e-01 6.894827917708132858e-01 7.048644491443952775e-01 7.089021342049606211e-01 6.950586425687367287e-01 6.923668525283599440e-01 6.917900403768506568e-01 6.917900403768506568e-01 6.917900403768506568e-01 6.917900403768506568e-01 7.033262834070370673e-01 7.033262834070370673e-01 7.490867140934435175e-01 7.462026533358969704e-01 7.877331282445683147e-01 7.877331282445683147e-01 7.619688521438184869e-01 7.765814266487214290e-01 7.669678907902326426e-01
2.445683522399538512e-01 7.192847529321284572e-01 7.281292059219380830e-01 7.363968467602384216e-01 7.206306479523169051e-01 7.206306479523169051e-01 7.206306479523169051e-01 7.206306479523169051e-01 7.206306479523169051e-01 7.206306479523169051e-01 7.206306479523169051e-01 6.996731397808113595e-01 7.060180734474139630e-01 6.800615266294943728e-01 7.252451451643914249e-01 7.252451451643914249e-01 6.977504326091136244e-01 7.283214766391078454e-01 7.140934435685445392e-01 6.940972889828879167e-01 7.046721784272255151e-01
5.773889636608344755e-01 4.289559700057681280e-01 6.598731013266679879e-01 7.598538742549509895e-01 7.671601615074024050e-01 7.702364929821188255e-01 7.473562776389155449e-01 8.421457412036147394e-01 8.315708517592770299e-01 8.977119784656796275e-01 8.940588348394539198e-01 7.394731782349548421e-01 6.644875985387425077e-01 7.583157085175927792e-01 6.844837531243991302e-01 6.606421841953470375e-01 7.308209959623149787e-01 7.308209959623149787e-01 7.437031340126898371e-01 7.437031340126898371e-01 7.988848298404153114e-01
5.991155547010190707e-01 3.612766775620073201e-01 6.889059796193039986e-01 4.485675831570851702e-01 6.919823110940204192e-01 7.650451836185349075e-01 7.915785425879638959e-01 8.044606806383387543e-01 6.537204383772351468e-01 5.585464333781965385e-01 7.633147471640069348e-01 8.198423380119207460e-01 8.019611613151317320e-01 7.173620457604307221e-01 7.810036531436261864e-01 7.802345702749471368e-01 8.133051336281483801e-01 8.133051336281483801e-01 8.242645645068256144e-01 8.186887137089021715e-01 8.256104595270140623e-01
6.148817535089405872e-01 7.106325706594885938e-01 7.235147087098634522e-01 7.223610844068448777e-01 7.221688136896751153e-01 7.221688136896751153e-01 7.221688136896751153e-01 7.221688136896751153e-01 7.221688136896751153e-01 7.221688136896751153e-01 7.221688136896751153e-01 7.221688136896751153e-01 7.189002114977889324e-01 7.189002114977889324e-01 7.167852336089213239e-01 7.167852336089213239e-01 7.504326091136319654e-01 7.496635262449529158e-01 7.575466256489136185e-01 7.631224764468371724e-01 7.760046144972120308e-01
7.200538358008075068e-01 3.128244568352239741e-01 5.508556046914054871e-01 7.035185541242068297e-01 7.175543164776004845e-01 7.177465871947702469e-01 7.219765429725052419e-01 6.815996923668525831e-01 6.917900403768506568e-01 6.917900403768506568e-01 7.219765429725052419e-01 7.044799077100557527e-01 7.185156700634492966e-01 7.277446644875985582e-01 7.277446644875985582e-01 7.271678523360891599e-01 7.277446644875985582e-01 7.221688136896751153e-01 7.263987694674101103e-01 7.298596423764660557e-01 7.287060180734473702e-01
4.991347817727360137e-01 7.600461449721207519e-01 7.483176312247644679e-01 7.915785425879638959e-01 7.504326091136319654e-01 7.508171505479714902e-01 7.508171505479714902e-01 7.508171505479714902e-01 7.508171505479714902e-01 7.508171505479714902e-01 7.819650067294751095e-01 8.350317246683329753e-01 8.113824264564506450e-01 7.708133051336281127e-01 7.913862718707941335e-01 8.213805037492789562e-01 8.117669678907902808e-01 8.258027302441838247e-01 8.444529898096519993e-01 8.702172659104018271e-01 8.571428571428570953e-01
6.448759853874255210e-01 7.423572389925013892e-01 7.287060180734473702e-01 7.281292059219380830e-01 7.281292059219380830e-01 7.281292059219380830e-01 7.281292059219380830e-01 7.281292059219380830e-01 7.281292059219380830e-01 7.281292059219380830e-01 7.033262834070370673e-01 7.033262834070370673e-01 7.033262834070370673e-01 7.033262834070370673e-01 7.300519130936358181e-01 7.281292059219380830e-01 7.542780234570275466e-01 7.296673716592962933e-01 7.658142664872139571e-01 7.608152278407998015e-01 7.779273216689098769e-01
5.473947317823495418e-01 7.098634877908094332e-01 6.442991732359161228e-01 7.219765429725052419e-01 7.444722168813689978e-01 7.398577196692943669e-01 7.385118246491059191e-01 7.356277638915592609e-01 7.362045760430686592e-01 7.833109017496635573e-01 7.833109017496635573e-01 7.833109017496635573e-01 7.815804652951355846e-01 7.815804652951355846e-01 7.910017304364544977e-01 7.702364929821188255e-01 7.846567967698520052e-01 8.165737358200345630e-01 8.267640838300326367e-01 8.184964429917324091e-01 8.302249567390885820e-01
4.691405498942510799e-01 7.425495097096712627e-01 7.465871947702364952e-01 7.588925206691020664e-01 7.479330897904249431e-01 7.488944433762737551e-01 7.490867140934435175e-01 7.490867140934435175e-01 7.139011728513747768e-01 7.412036146894828148e-01 7.794654874062679761e-01 7.508171505479714902e-01 7.848490674870217676e-01 7.723514708709863230e-01 7.650451836185349075e-01 7.810036531436261864e-01 7.796577581234378496e-01 7.685060565275908528e-01 7.754278023457027436e-01 7.933089790424918686e-01 7.923476254566429455e-01
7.096712170736396708e-01 7.435108632955200747e-01 7.377427417804268694e-01 7.387040953662756815e-01 7.387040953662756815e-01 7.387040953662756815e-01 7.387040953662756815e-01 7.387040953662756815e-01 7.387040953662756815e-01 7.387040953662756815e-01 7.387040953662756815e-01 7.387040953662756815e-01 7.033262834070370673e-01 7.033262834070370673e-01 7.033262834070370673e-01 7.033262834070370673e-01 7.033262834070370673e-01 7.033262834070370673e-01 7.338973274370312883e-01 7.350509517400499737e-01 7.748509901941934563e-01
5.189386656412228183e-01 7.329359738511824762e-01 7.373582003460873446e-01 7.358200346087291344e-01 7.358200346087291344e-01 7.358200346087291344e-01 7.358200346087291344e-01 7.358200346087291344e-01 7.358200346087291344e-01 7.358200346087291344e-01 7.358200346087291344e-01 7.358200346087291344e-01 7.358200346087291344e-01 7.358200346087291344e-01 7.358200346087291344e-01 7.358200346087291344e-01 7.448567583157085226e-01 7.677369736589118032e-01 7.513939626994808885e-01 7.615843107094789621e-01 7.702364929821188255e-01
7.596616035377812270e-01 7.512016919823111261e-01 7.485099019419342303e-01 7.813881945779658222e-01 7.452412997500480474e-01 7.429340511440107875e-01 7.429340511440107875e-01 7.429340511440107875e-01 7.429340511440107875e-01 7.708133051336281127e-01 7.485099019419342303e-01 7.475485483560854183e-01 7.610074985579696749e-01 7.642761007498557468e-01 7.650451836185349075e-01 7.646606421841953827e-01 7.569698134974043313e-01 7.469717362045760201e-01 7.654297250528744323e-01 7.629302057296674100e-01 7.688905979619303777e-01
4.031916939050182447e-01 7.033262834070370673e-01 7.292828302249567685e-01 7.454335704672178098e-01 7.204383772351470316e-01 7.100557585079791956e-01 7.556239184772158834e-01 7.469717362045760201e-01 7.727360123053258478e-01 7.813881945779658222e-01 7.940780619111709182e-01 7.808113824264564240e-01 7.575466256489136185e-01 7.392809075177850797e-01 6.994808690636415971e-01 7.035185541242068297e-01 7.237069794270332146e-01 7.288982887906172436e-01 7.354354931743894985e-01 7.269755816189193975e-01 7.208229186694866675e-01
6.189194385695058198e-01 7.610074985579696749e-01 7.417804268409921020e-01 7.387040953662756815e-01 7.387040953662756815e-01 7.387040953662756815e-01 7.387040953662756815e-01 7.387040953662756815e-01 7.387040953662756815e-01 7.387040953662756815e-01 7.387040953662756815e-01 7.387040953662756815e-01 7.387040953662756815e-01 7.387040953662756815e-01 7.387040953662756815e-01 7.387040953662756815e-01 7.387040953662756815e-01 7.387040953662756815e-01 7.387040953662756815e-01 7.387040953662756815e-01 7.785041338204191641e-01
6.164199192462987975e-01 7.114016535281676434e-01 6.050759469332820384e-01 7.515862334166506509e-01 7.861949625072101044e-01 7.904249182849452104e-01 7.792732166890982137e-01 7.792732166890982137e-01 7.792732166890982137e-01 7.792732166890982137e-01 7.792732166890982137e-01 7.621611228609882494e-01 7.811959238607959488e-01 7.333205152855220010e-01 7.208229186694866675e-01 7.333205152855220010e-01 7.317823495481637908e-01 7.198615650836377444e-01 7.337050567198615258e-01 7.337050567198615258e-01 7.337050567198615258e-01
4.858681022880215195e-01 7.587002499519323040e-01 7.504326091136319654e-01 7.481253605075947055e-01 7.481253605075947055e-01 7.481253605075947055e-01 7.481253605075947055e-01 7.481253605075947055e-01 7.481253605075947055e-01 7.481253605075947055e-01 7.481253605075947055e-01 7.481253605075947055e-01 7.481253605075947055e-01 7.481253605075947055e-01 7.481253605075947055e-01 7.481253605075947055e-01 7.481253605075947055e-01 7.481253605075947055e-01 7.475485483560854183e-01 7.663910786387233554e-01 7.529321284368390987e-01
