4.243681977494926927e-01 7.913976511098813615e-01 7.625591834224927368e-01 5.484535448564225035e-01 7.649265203222037623e-01 7.668019430609358533e-01 7.814671339851195775e-01 8.298899342064809392e-01 8.547008547008546619e-01 8.606960585377851913e-01 8.305048269077045520e-01 8.456926766279284635e-01 8.112586853594048186e-01 8.291828076000737902e-01 8.374838590665928395e-01 8.394822603455697196e-01 8.440939556047469816e-01 8.650003074463505914e-01 8.518108590051035600e-01 8.670601979954497551e-01 8.832626206726925666e-01
6.379204328844616523e-01 7.252966857283403845e-01 6.707864477648650681e-01 5.251798561151078681e-01 6.575355100534956421e-01 6.801943060935866647e-01 6.906474820143885252e-01 7.546885568468302274e-01 8.025272090020291182e-01 7.824202176720161939e-01 8.088913484596937931e-01 7.993912562257885490e-01 7.845415974912377521e-01 7.734735288692122790e-01 7.811289429994465738e-01 8.277685543872593810e-01 8.259546209186496846e-01 8.294287646805632574e-01 8.364077968394515450e-01 8.689048760991207043e-01 8.844309168050175085e-01
5.043042489085654001e-01 6.604255057492467440e-01 5.131279591711246368e-01 5.988440017216996036e-01 6.714320851011498226e-01 6.713091065609051444e-01 6.697718748078460571e-01 6.833302588698272340e-01 6.844370657320297813e-01 6.933530098997724433e-01 7.278484904384184828e-01 7.252351964582179900e-01 7.371641148619565431e-01 7.342433745311442994e-01 7.349197565024903067e-01 7.328291213183300012e-01 7.639426920002460042e-01 7.838652155198917448e-01 8.360388612187172885e-01 7.886306339543749377e-01 8.088606038246326513e-01
5.805201992252352339e-01 5.427042980999815525e-01 5.505441800405829200e-01 5.797515833487056902e-01 6.422246817930271634e-01 7.378097521982414086e-01 8.177458033573141716e-01 8.421262989608313543e-01 7.953637090327737580e-01 8.020660394761114365e-01 8.485211830535571709e-01 8.428641702022996451e-01 8.977740884215704709e-01 9.000491914160978491e-01 9.077660948164545385e-01 9.066592879542519912e-01 8.945766463752075071e-01 8.970669618151632108e-01 8.972514296255303945e-01 9.036155690831949583e-01 9.055217364569883021e-01
5.267478325032282083e-01 6.495111603025272018e-01 6.868658919018630904e-01 7.140441492959478387e-01 7.179487179487179516e-01 7.303695505134354393e-01 7.248662608374838445e-01 7.319067822664945266e-01 7.319375269015556684e-01 7.336284818299206867e-01 7.323064625222898139e-01 7.321527393469839939e-01 7.542888765910348292e-01 7.501076062227141072e-01 7.449732521674967689e-01 7.497386706019799618e-01 7.743958679210477536e-01 7.909057369489024270e-01 8.461231015187850035e-01 8.212199471192277445e-01 8.527024534218778928e-01
3.935928180532496934e-01 3.761913546086207982e-01 4.855192768861833486e-01 6.539076431162762493e-01 6.903707802988378051e-01 7.355346492037139194e-01 7.180716964889626297e-01 7.307692307692307265e-01 7.261882801451147174e-01 7.228678595585070754e-01 7.389780483305663505e-01 7.905060566931070287e-01 8.096907089712844785e-01 8.372993912562257668e-01 8.390210908196519268e-01 8.250630265018754628e-01 8.348090758162700631e-01 8.196212260960462626e-01 8.174691016417635625e-01 8.465227817745802907e-01 8.634630756932915041e-01
6.995326815470700454e-01 6.966119412162578017e-01 6.850212137981922522e-01 6.988255549406628964e-01 7.115845784910532767e-01 7.110619196950132004e-01 7.060812888151017930e-01 7.206235011990407280e-01 7.189018016356145679e-01 7.368566685113447923e-01 7.344278423415113721e-01 7.494927135214904945e-01 7.493697349812458164e-01 7.465719731906782508e-01 7.467871856361064653e-01 7.482321834839820163e-01 7.477095246879419399e-01 7.493389903461845636e-01 7.544733444014019019e-01 7.512759023550390491e-01 7.549037692922585530e-01
8.040336961200270638e-01 5.613970362171800677e-01 4.580950624116091885e-01 4.996925536493881936e-01 5.971837914283957272e-01 6.062534587714444312e-01 6.313410809813687630e-01 6.665744327614830933e-01 6.640533726864662478e-01 7.008239562196396655e-01 6.856975957695382595e-01 7.990223206050544036e-01 8.437557646190739780e-01 8.460308676136014672e-01 8.296132324909303302e-01 8.277378097521982392e-01 8.375760929717763759e-01 8.467379942200086163e-01 8.542396851749369802e-01 8.702576400418127189e-01 8.781282666174752283e-01
6.463137182561643490e-01 5.196458218040951316e-01 6.126483428641702478e-01 6.920309905921416815e-01 6.516940293918711546e-01 7.037754411855131620e-01 7.384553895345262742e-01 7.990530652401155454e-01 7.989915759699932618e-01 7.881694644284572560e-01 8.190370780298837916e-01 8.472606530160486926e-01 8.302588698272151957e-01 8.332718440632109758e-01 8.495050113755149290e-01 8.536247924737133674e-01 8.745618889503781190e-01 8.495357560105761818e-01 8.406198118428334087e-01 8.662915821189202115e-01 8.687818975588760262e-01
6.487117997909365164e-01 6.393961753673983450e-01 6.974727909979708818e-01 7.151817007932116388e-01 7.149357437127221715e-01 7.057123531943675365e-01 7.164114861956588642e-01 7.657566254688557006e-01 7.977310459324847836e-01 8.155629342679702187e-01 7.894607391010268760e-01 8.331488655229662976e-01 8.884277193629711578e-01 8.729324232921354954e-01 8.738240177089098282e-01 8.485826723236795655e-01 8.975588759761421453e-01 8.822173030806124139e-01 8.992805755395683054e-01 8.919633523950071252e-01 9.073356699255979985e-01
7.004857652339666618e-01 4.459201869273811680e-01 5.495910963536863036e-01 6.998093832626206545e-01 6.857590850396605431e-01 7.224989239377728190e-01 7.987148742544426527e-01 8.643546701100658369e-01 8.304125930025210156e-01 8.207895222283712044e-01 7.983459386337083963e-01 7.750107606222713663e-01 7.745188464612925427e-01 7.992990223206050127e-01 7.905368013281682815e-01 8.117813441554448950e-01 7.937649880095922761e-01 8.739469962491545063e-01 8.548545778761605929e-01 8.545163868904875892e-01 8.433868289983398325e-01
6.610403984504703567e-01 5.279161286355531502e-01 6.332472483551619957e-01 6.295886367828813501e-01 7.274180655475619428e-01 7.355653938387751722e-01 7.458341019492098489e-01 7.347045440570620922e-01 7.548730246571973002e-01 7.623747156121256641e-01 7.760560782143516301e-01 7.904138227879234924e-01 8.004980630879910963e-01 8.464920371395191490e-01 8.882432515526040850e-01 8.707188095677304007e-01 8.717026378896882699e-01 8.818176228248170156e-01 8.758839082580089919e-01 8.767447580397220719e-01 8.806185820574309320e-01
5.535571542765787001e-01 5.905122056201193015e-01 6.395498985427042760e-01 6.969808768369919472e-01 7.084486257148128185e-01 7.189940355407981043e-01 7.168111664514542625e-01 7.189632909057369625e-01 7.208694582795301953e-01 7.252659410932792428e-01 7.254811535387074573e-01 7.271106191969500809e-01 7.269876406567054028e-01 7.272950870073172647e-01 7.285863616798868847e-01 7.287093402201315628e-01 7.276947672631125519e-01 7.278792350734796246e-01 7.271413638320113337e-01 7.645575847014696169e-01 8.470146959355592253e-01
5.620734181885260750e-01 6.815778146713398211e-01 6.639918834163438532e-01 6.751214413084917210e-01 7.634200332042058168e-01 7.930271167681239852e-01 7.848797884769107558e-01 8.279530221976265647e-01 8.102133677673245549e-01 8.131648527331980514e-01 8.332103547930885812e-01 8.430486380126668289e-01 8.278915329275041701e-01 8.245711123408965282e-01 8.461845907889072871e-01 8.406505564778946615e-01 8.597122302158273222e-01 8.906105884523151106e-01 8.725634876714013499e-01 8.725634876714013499e-01 8.716104039845047335e-01
5.465781221176904126e-01 6.722007009776793662e-01 7.659718379142839151e-01 7.689540675152185534e-01 7.397159195720346414e-01 6.924921601180593633e-01 7.312304002951485193e-01 8.100596445920187350e-01 8.221115415360019663e-01 8.261083440939556155e-01 8.310889749738670229e-01 8.123040029514849714e-01 8.460308676136014672e-01 8.633093525179855732e-01 8.627252044518231022e-01 8.737317838037262918e-01 8.602348890118673985e-01 8.584517001783188439e-01 8.656152001475742042e-01 8.533173461231015056e-01 8.547008547008546619e-01
5.151878497202238005e-01 5.462091864969562671e-01 6.265756625468855701e-01 6.290352333517801320e-01 7.077722437434668112e-01 7.209616921847137316e-01 7.467256963659841817e-01 7.564102564102563875e-01 7.596076984566193513e-01 7.408227264342371887e-01 7.394392178564840323e-01 7.671093894115477152e-01 8.238947303695505209e-01 7.969624300559552399e-01 7.835577691692799940e-01 8.010514665190924255e-01 8.029576338928856583e-01 8.219578183606960353e-01 8.215888827399618899e-01 8.469839513004980835e-01 8.345631187357805958e-01
6.430240423046178488e-01 6.609481645452868204e-01 7.760560782143516301e-01 7.418987886613785943e-01 7.747340589067207572e-01 8.211277132140440971e-01 8.082149664883477858e-01 8.367767324601856904e-01 8.509192645883293382e-01 8.398511959663038651e-01 8.397897066961814705e-01 8.527946873270614292e-01 8.404968333025887306e-01 8.461231015187850035e-01 8.594047838652155713e-01 8.503966057922892618e-01 8.572834040459940130e-01 8.685359404783865589e-01 8.734550820881755717e-01 8.673061550759392224e-01 8.825862387013466703e-01
3.987271721084670872e-01 6.121871733382524550e-01 8.528561765971838238e-01 7.913669064748201087e-01 8.364692861095738285e-01 8.180839943429871752e-01 8.061243313041873693e-01 7.923199901617167251e-01 8.188526102195167189e-01 8.363770522043902922e-01 8.358236487732890740e-01 8.647850950009223769e-01 8.565455328045256111e-01 8.422800221361372852e-01 8.418188526102194924e-01 8.492590542950255728e-01 8.602963782819897931e-01 8.610649941585193368e-01 8.600504212015003258e-01 8.646313718256164460e-01 8.604193568222344712e-01
4.210477771628850507e-01 4.178503351165221424e-01 7.131832995142347587e-01 7.414376191354609125e-01 7.334440140195536140e-01 7.686158765295455497e-01 7.428211277132140689e-01 7.926274365123285870e-01 7.887843571296808687e-01 8.050175244419848219e-01 8.157781467133985442e-01 7.938572219147759235e-01 8.006517862632970273e-01 7.896759515464550905e-01 7.870626575662547086e-01 8.053249707925966838e-01 8.169156982106622333e-01 8.527639426920002874e-01 8.626022259115784241e-01 8.788968824940047719e-01 8.720100842403000208e-01
5.680993666605177461e-01 6.934759884400172325e-01 7.004857652339666618e-01 7.213921170755702716e-01 7.707987456188895026e-01 7.697226833917480970e-01 7.678780052880772589e-01 7.766402262805141010e-01 7.752567177027608336e-01 8.099366660517739458e-01 8.534710692984074365e-01 8.351472668019430667e-01 8.226342003320420426e-01 8.514726680194305564e-01 8.443399126852364489e-01 8.479985242575170945e-01 8.361310951239008249e-01 8.405275779376498724e-01 8.273381294964028410e-01 8.528561765971838238e-01 8.498124577261267909e-01
7.687081104347290861e-01 7.459878251245157799e-01 7.659103486441616315e-01 7.550267478325032311e-01 7.430363401586422833e-01 7.598229109020475658e-01 7.763635245649633809e-01 7.765787370103917064e-01 8.048330566316177492e-01 8.145483613109512078e-01 8.150095308368690006e-01 8.230646252228985826e-01 8.671524319006332915e-01 8.647850950009223769e-01 8.787124146836376992e-01 8.648465842710446605e-01 8.958986656828383799e-01 8.851072987763635158e-01 8.743774211400110463e-01 8.630633954374961059e-01 8.851687880464859104e-01
