3.357046721784271992e-01 5.600845991155547487e-01 5.064410690251874847e-01 5.695058642568736618e-01 6.815996923668525831e-01 7.029417419726975425e-01 6.919823110940204192e-01 6.929436646798692312e-01 7.146702557200538264e-01 6.937127475485483918e-01 6.964045375889251765e-01 6.964045375889251765e-01 6.946741011343972039e-01 6.965968083060949390e-01 6.964045375889251765e-01 7.010190348009998074e-01 7.656219957700441947e-01 7.546625648913670714e-01 7.671601615074024050e-01 7.873485868102287899e-01 7.694674101134397759e-01
6.614112670640261982e-01 7.677369736589118032e-01 7.283214766391078454e-01 6.792924437608152122e-01 6.890982503364737610e-01 7.065948855989232502e-01 7.619688521438184869e-01 7.783118631032494017e-01 7.760046144972120308e-01 7.946548740626802054e-01 6.000769082868678828e-01 8.063833878100364894e-01 8.169582772543741989e-01 8.048452220726782791e-01 7.904249182849452104e-01 7.671601615074024050e-01 7.986925591232455490e-01 8.156123822341857510e-01 7.667756200730628802e-01 7.944626033455104430e-01 8.156123822341857510e-01
6.379542395693136303e-01 6.808306094981734224e-01 6.537204383772351468e-01 7.010190348009998074e-01 6.937127475485483918e-01 7.127475485483560913e-01 7.165929628917515615e-01 7.208229186694866675e-01 7.112093828109978810e-01 7.192847529321284572e-01 7.213997308209959547e-01 7.227456258411844026e-01 7.217842722553354795e-01 7.237069794270332146e-01 7.262064987502403479e-01 7.275523937704287958e-01 7.273601230532590334e-01 7.271678523360891599e-01 7.227456258411844026e-01 7.263987694674101103e-01 7.267833109017496351e-01
6.035377811959238281e-01 6.998654104979811219e-01 6.756393001345895044e-01 6.396846760238416030e-01 6.125745049029033273e-01 6.623726206498750102e-01 6.579503941549702528e-01 6.725629686598730839e-01 7.337050567198615258e-01 7.388963660834454439e-01 6.864064602960968653e-01 7.096712170736396708e-01 7.823495481638146343e-01 7.819650067294751095e-01 7.258219573159008231e-01 7.771582388002307162e-01 7.512016919823111261e-01 7.786964045375889265e-01 7.708133051336281127e-01 8.040761392039992295e-01 8.079215535473946996e-01
6.046914054989425136e-01 5.004806767929244060e-01 5.293212843683906543e-01 6.262257258219573464e-01 6.819842338011921079e-01 6.806383387810036600e-01 7.042876369928859903e-01 7.071716977504326485e-01 7.135166314170351409e-01 7.092866756393001459e-01 7.144779850028840640e-01 7.196692943664679820e-01 7.192847529321284572e-01 7.196692943664679820e-01 7.213997308209959547e-01 7.238992501442030880e-01 7.235147087098634522e-01 7.250528744472216625e-01 7.208229186694866675e-01 7.217842722553354795e-01 7.237069794270332146e-01
6.704479907710055864e-01 2.434147279369351935e-01 3.335896942895597017e-01 3.918477215920015411e-01 4.235723899250144475e-01 4.702941741972697653e-01 4.789463564699096287e-01 4.789463564699096287e-01 5.237454335704672115e-01 5.533551240146126204e-01 5.885406652566813612e-01 5.921938088829071800e-01 6.560276869832724067e-01 6.646798692559122701e-01 6.704479907710055864e-01 6.754470294174197420e-01 6.658334935589309556e-01 7.114016535281676434e-01 7.227456258411844026e-01 7.473562776389155449e-01 7.602384156892905143e-01
5.773889636608344755e-01 5.472024610651797794e-01 5.883483945395115988e-01 6.146894827917708248e-01 6.808306094981734224e-01 6.366083445491251824e-01 6.908286867910017337e-01 6.771774658719477147e-01 6.894827917708132858e-01 6.550663333974235947e-01 6.925591232455297064e-01 6.879446260334550756e-01 6.919823110940204192e-01 6.904441453566622089e-01 6.910209575081714961e-01 6.892905210536435234e-01 6.906364160738319713e-01 6.914054989425110209e-01 6.904441453566622089e-01 6.898673332051528106e-01 6.900596039223226841e-01
4.676023841568929251e-01 3.991540088444530121e-01 4.485675831570851702e-01 4.645260526821765046e-01 4.862526437223610998e-01 5.014420303787733291e-01 4.964429917323591734e-01 4.977888867525475658e-01 5.018265718131128539e-01 5.033647375504710642e-01 5.075946933282060591e-01 5.087483176312247446e-01 5.062487983080177223e-01 5.083637761968852198e-01 5.133628148432993754e-01 5.229763507017881619e-01 5.204768313785810285e-01 5.258604114593347090e-01 5.233608921361276867e-01 5.277831186310324441e-01 5.239377042876369739e-01
6.037300519130935905e-01 6.831378581042106823e-01 7.306287252451452163e-01 6.687175543164776137e-01 7.192847529321284572e-01 6.742934051144010565e-01 7.050567198615650399e-01 7.388963660834454439e-01 7.733128244568352461e-01 7.627379350124976476e-01 6.756393001345895044e-01 7.596616035377812270e-01 7.383195539319361567e-01 7.623533935781580118e-01 7.794654874062679761e-01 7.823495481638146343e-01 7.873485868102287899e-01 7.863872332243799779e-01 7.963853105172081781e-01 7.923476254566429455e-01 8.009998077292828089e-01
4.527975389348202206e-01 4.531820803691598010e-01 4.576043068640646139e-01 4.643337819650067422e-01 4.683714670255720303e-01 4.733705056719861304e-01 4.706787156316092902e-01 4.720246106517977380e-01 4.737550471063257107e-01 4.758700249951932082e-01 4.739473178234954731e-01 4.743318592578350534e-01 4.745241299750048158e-01 4.758700249951932082e-01 4.764468371467025509e-01 4.933666602576427529e-01 5.027879253989617769e-01 4.862526437223610998e-01 4.999038646414151188e-01 7.077485099019419357e-01 7.033262834070370673e-01
5.418188809844260989e-01 4.104979811574697157e-01 4.958661795808498307e-01 5.750817150547971046e-01 6.177658142664872454e-01 6.396846760238416030e-01 6.498750240338396766e-01 6.373774274178042321e-01 6.350701788117669722e-01 6.764083830032685540e-01 6.767929244376081899e-01 6.964045375889251765e-01 7.335127860026917634e-01 7.802345702749471368e-01 7.640838300326859844e-01 7.477408190732551807e-01 7.671601615074024050e-01 7.815804652951355846e-01 7.777350509517400035e-01 7.196692943664679820e-01 7.719669294366467982e-01
6.068063833878100111e-01 7.217842722553354795e-01 6.837146702557200806e-01 6.542972505287444340e-01 6.798692559123244994e-01 7.508171505479714902e-01 7.781195923860796393e-01 8.002307248606037593e-01 6.723706979427033215e-01 7.692751393962699025e-01 7.858104210728705796e-01 7.798500288406076120e-01 7.846567967698520052e-01 7.744664487598538205e-01 7.904249182849452104e-01 7.958084983656988909e-01 8.009998077292828089e-01 8.006152662949432841e-01 8.054220342241876773e-01 8.061911170928667270e-01 8.036915977696597047e-01
5.147087098634878233e-01 6.225725821957316386e-01 5.254758700249951842e-01 6.560276869832724067e-01 6.923668525283599440e-01 6.950586425687367287e-01 7.031340126898673049e-01 7.042876369928859903e-01 7.067871563160930126e-01 7.050567198615650399e-01 7.081330513362814605e-01 7.077485099019419357e-01 7.108248413766583562e-01 7.156316093059027494e-01 7.173620457604307221e-01 7.169775043260910863e-01 7.183233993462795342e-01 7.215920015381657171e-01 7.337050567198615258e-01 7.363968467602384216e-01 7.229378965583541650e-01
5.337435108632955227e-01 4.149202076523745286e-01 4.281868871370890228e-01 3.976158431070948018e-01 3.962699480869063540e-01 4.549125168236877736e-01 4.818304172274562314e-01 4.904825995000961503e-01 4.985579696212266709e-01 5.016343010959430915e-01 5.070178811766967719e-01 5.152855220149971105e-01 5.143241684291481874e-01 5.145164391463180609e-01 5.191309363583925807e-01 5.687367813881946121e-01 5.427802345702749109e-01 5.912324552970582570e-01 5.898865602768698091e-01 6.325706594885598388e-01 6.566044991347818049e-01
7.096712170736396708e-01 6.050759469332820384e-01 6.958277254374158893e-01 6.650644106902519059e-01 6.539127090944049092e-01 6.604499134781772751e-01 6.229571236300711634e-01 6.844837531243991302e-01 7.556239184772158834e-01 7.412036146894828148e-01 7.925398961738127079e-01 8.004229955777735217e-01 7.946548740626802054e-01 8.006152662949432841e-01 8.150355700826764638e-01 8.279177081330513222e-01 8.217650451836184811e-01 8.236877523553163272e-01 8.242645645068256144e-01 8.269563545472025101e-01 8.415689290521053412e-01
5.191309363583925807e-01 5.493174389540472768e-01 5.235531628532974491e-01 6.202653335896942677e-01 6.533358969428956220e-01 6.754470294174197420e-01 6.752547587002499796e-01 7.044799077100557527e-01 7.158238800230725118e-01 7.400499903864641293e-01 7.540857527398576732e-01 7.558161891943856459e-01 7.433185925783503123e-01 7.054412612959046758e-01 7.604306864064602767e-01 7.610074985579696749e-01 7.694674101134397759e-01 8.196500672947509836e-01 8.036915977696597047e-01 7.906171890021149729e-01 8.106133435877715954e-01
6.591040184579888273e-01 7.658142664872139571e-01 7.185156700634492966e-01 7.388963660834454439e-01 7.738896366083445333e-01 7.802345702749471368e-01 7.638915593155162220e-01 7.531243991540088611e-01 7.708133051336281127e-01 7.877331282445683147e-01 7.825418188809843967e-01 7.760046144972120308e-01 7.761968852143819042e-01 7.844645260526821318e-01 7.715823880023072734e-01 7.767736973658911914e-01 7.915785425879638959e-01 7.838877139011728445e-01 7.663910786387233554e-01 7.883099403960777130e-01 7.829263603153239215e-01
4.695250913285906602e-01 4.551047875408575361e-01 4.622188040761391892e-01 4.670255720053835824e-01 4.639492405306671619e-01 4.652951355508556097e-01 4.668333012882138200e-01 4.689482791770813175e-01 4.706787156316092902e-01 4.983656989040569085e-01 5.024033839646221411e-01 5.039415497019803514e-01 5.429725052874446733e-01 7.002499519323207577e-01 7.010190348009998074e-01 7.160161507402422743e-01 6.829455873870409199e-01 7.148625264372235888e-01 6.935204768313786294e-01 6.948663718515669663e-01 7.033262834070370673e-01
4.862526437223610998e-01 4.291482407229378904e-01 4.149202076523745286e-01 4.702941741972697653e-01 5.012497596616035667e-01 5.160546048836762711e-01 5.239377042876369739e-01 5.302826379542395774e-01 5.345125937319745724e-01 5.468179196308402545e-01 5.406652566814074135e-01 5.456642953278215691e-01 5.939242453374351527e-01 6.533358969428956220e-01 6.614112670640261982e-01 6.754470294174197420e-01 7.200538358008075068e-01 7.090944049221303835e-01 7.756200730628725060e-01 6.873678138819457883e-01 6.927513939626994688e-01
6.162276485291290351e-01 5.852720630647951783e-01 5.623918477215920086e-01 6.462218804076139689e-01 6.960199961545856517e-01 7.062103441645837254e-01 7.169775043260910863e-01 7.213997308209959547e-01 7.156316093059027494e-01 7.217842722553354795e-01 7.248606037300519001e-01 7.275523937704287958e-01 7.258219573159008231e-01 7.263987694674101103e-01 7.265910401845798727e-01 7.273601230532590334e-01 7.281292059219380830e-01 7.287060180734473702e-01 7.290905595077870061e-01 7.288982887906172436e-01 7.283214766391078454e-01
3.668525283599307629e-01 5.425879638531051485e-01 7.135166314170351409e-01 7.006344933666602826e-01 6.789079023264756874e-01 7.056335320130744382e-01 7.035185541242068297e-01 7.023649298211882552e-01 7.046721784272255151e-01 7.067871563160930126e-01 7.033262834070370673e-01 7.033262834070370673e-01 7.033262834070370673e-01 7.033262834070370673e-01 7.125552778311863289e-01 7.033262834070370673e-01 7.175543164776004845e-01 7.089021342049606211e-01 7.158238800230725118e-01 7.131320899826956161e-01 7.210151893866564299e-01
