3.366660257642761223e-01 6.471832339934627809e-01 6.927513939626994688e-01 7.067871563160930126e-01 7.073639684676024109e-01 7.044799077100557527e-01 6.302634108825225789e-01 6.058450298019611990e-01 7.260142280330705855e-01 7.650451836185349075e-01 7.711978465679677486e-01 8.188809844260719339e-01 7.863872332243799779e-01 7.985002884060757866e-01 8.181119015573927733e-01 7.996539127090943611e-01 7.623533935781580118e-01 7.433185925783503123e-01 7.502403383964622030e-01 7.413958854066525772e-01 7.317823495481637908e-01
6.637185156700634581e-01 6.621803499327052478e-01 6.635262449528936957e-01 7.786964045375889265e-01 6.381465102864833927e-01 7.925398961738127079e-01 6.962122668717554141e-01 7.014035762353393322e-01 7.577388963660834920e-01 7.679292443760815656e-01 7.542780234570275466e-01 7.604306864064602767e-01 7.069794270332628860e-01 7.744664487598538205e-01 7.563930013458950441e-01 6.539127090944049092e-01 6.617958084983657230e-01 6.714093443568543984e-01 6.510286483368582511e-01 6.629494328013842974e-01 6.994808690636415971e-01
6.377619688521438679e-01 6.812151509325129473e-01 6.812151509325129473e-01 7.210151893866564299e-01 7.094789463564699084e-01 7.110171120938281186e-01 7.123630071140165665e-01 7.087098634877908587e-01 7.110171120938281186e-01 7.067871563160930126e-01 7.085175927706209853e-01 6.844837531243991302e-01 6.823687752355316327e-01 6.900596039223226841e-01 6.835223995385503182e-01 7.160161507402422743e-01 7.656219957700441947e-01 7.654297250528744323e-01 6.627571620842145350e-01 7.877331282445683147e-01 7.819650067294751095e-01
6.019996154585656178e-01 6.039223226302634639e-01 6.112286098827148795e-01 6.112286098827148795e-01 6.323783887713900764e-01 6.277638915593155566e-01 5.716208421457411593e-01 5.608536819842337984e-01 5.733512786002691319e-01 4.981734281868871461e-01 5.291290136512208919e-01 5.733512786002691319e-01 6.210344164583734283e-01 6.216112286098827155e-01 6.494904825995000408e-01 6.896750624879830482e-01 6.739088636800615317e-01 6.514131897711978869e-01 7.642761007498557468e-01 7.040953662757162279e-01 6.319938473370505516e-01
6.041145933474332264e-01 7.065948855989232502e-01 5.458565660449913315e-01 4.118438761776581636e-01 4.106902518746394781e-01 4.291482407229378904e-01 4.970198038838684607e-01 5.418188809844260989e-01 5.939242453374351527e-01 6.566044991347818049e-01 7.302441838108055805e-01 6.802537973466641352e-01 7.462026533358969704e-01 7.365891174774081840e-01 7.440876754470293619e-01 6.973658911747740996e-01 7.033262834070370673e-01 7.033262834070370673e-01 7.033262834070370673e-01 7.033262834070370673e-01 6.867910017304365011e-01
6.691020957508171385e-01 6.712170736396846360e-01 6.712170736396846360e-01 5.506633339742357247e-01 5.562391847721591676e-01 5.656604499134781916e-01 6.181503557008267702e-01 5.658527206306479540e-01 6.667948471447798786e-01 6.646798692559122701e-01 6.193039800038454556e-01 7.060180734474139630e-01 6.896750624879830482e-01 6.925591232455297064e-01 6.723706979427033215e-01 6.831378581042106823e-01 6.698711786194962992e-01 7.042876369928859903e-01 6.817919630840223455e-01 6.956354547202461269e-01 6.846760238415688926e-01
5.773889636608344755e-01 6.994808690636415971e-01 6.994808690636415971e-01 5.124014612574504524e-01 4.989425110555662513e-01 4.389540472985964392e-01 5.835416266102672056e-01 6.043068640646029888e-01 5.610459527014035608e-01 6.241107479330897378e-01 6.191117092866756932e-01 6.675639300134589282e-01 6.589117477408190648e-01 7.529321284368390987e-01 7.456258411843875722e-01 7.075562391847721733e-01 7.267833109017496351e-01 8.138819457796577783e-01 7.694674101134397759e-01 7.944626033455104430e-01 8.248413766583349016e-01
4.745241299750048158e-01 6.094981734281869068e-01 6.106517977312055923e-01 6.594885598923283521e-01 6.771774658719477147e-01 6.710248029225148736e-01 7.033262834070370673e-01 7.033262834070370673e-01 7.033262834070370673e-01 7.033262834070370673e-01 7.033262834070370673e-01 7.033262834070370673e-01 7.033262834070370673e-01 7.198615650836377444e-01 7.363968467602384216e-01 7.315900788309940284e-01 7.219765429725052419e-01 6.854451067102480533e-01 7.112093828109978810e-01 7.252451451643914249e-01 7.387040953662756815e-01
6.027686983272447785e-01 3.880023072486060154e-01 4.874062680253797297e-01 6.052682176504518008e-01 7.462026533358969704e-01 7.306287252451452163e-01 6.500672947510094390e-01 6.606421841953470375e-01 7.679292443760815656e-01 7.885022111132474754e-01 8.183041722745625357e-01 7.583157085175927792e-01 7.698519515477793007e-01 7.337050567198615258e-01 8.127283214766390929e-01 8.375312439915401086e-01 8.246491059411651392e-01 7.906171890021149729e-01 7.815804652951355846e-01 7.729282830224957213e-01 8.346471832339934505e-01
4.531820803691598010e-01 4.533743510863295634e-01 4.218419534704864193e-01 6.358392616804460218e-01 6.252643722361084233e-01 6.516054604883676493e-01 6.652566814074216683e-01 5.854643337819650517e-01 6.664103057104403538e-01 6.719861565083637966e-01 6.789079023264756874e-01 7.496635262449529158e-01 6.717938857911940342e-01 6.429532782157277859e-01 6.714093443568543984e-01 6.356469909632762594e-01 6.523745433570466989e-01 6.777542780234570019e-01 6.571813112862910922e-01 6.987117861949625475e-01 6.914054989425110209e-01
5.377811959238607553e-01 6.039223226302634639e-01 7.131320899826956161e-01 7.119784656796769307e-01 7.100557585079791956e-01 6.910209575081714961e-01 6.662180349932704804e-01 6.927513939626994688e-01 7.408190732551432900e-01 7.225533551240146402e-01 6.964045375889251765e-01 7.154393385887329870e-01 7.089021342049606211e-01 7.811959238607959488e-01 8.425302826379542642e-01 8.511824649105941276e-01 7.723514708709863230e-01 7.106325706594885938e-01 8.459911555470102096e-01 8.429148240722937890e-01 7.669678907902326426e-01
6.058450298019611990e-01 6.131513170544126146e-01 6.681407421649683265e-01 6.656412228417611932e-01 6.696789079023264257e-01 7.260142280330705855e-01 6.719861565083637966e-01 6.673716592962891658e-01 6.664103057104403538e-01 6.791001730436454498e-01 6.881368967506248380e-01 6.725629686598730839e-01 6.692943664679869009e-01 6.731397808113823711e-01 5.704672178427225848e-01 6.717938857911940342e-01 6.777542780234570019e-01 6.594885598923283521e-01 6.360315323976158952e-01 7.298596423764660557e-01 7.410113439723130524e-01
5.137473562776389002e-01 4.995193232070755385e-01 6.896750624879830482e-01 6.875600845991155508e-01 6.883291674677946004e-01 6.873678138819457883e-01 6.877523553162853132e-01 6.873678138819457883e-01 6.887137089021342362e-01 6.887137089021342362e-01 6.879446260334550756e-01 6.894827917708132858e-01 7.010190348009998074e-01 7.040953662757162279e-01 7.008267640838300450e-01 7.204383772351470316e-01 6.835223995385503182e-01 6.906364160738319713e-01 6.885214381849644738e-01 7.213997308209959547e-01 6.583349355893097776e-01
5.289367429340511295e-01 4.443376273793501197e-01 4.128052297635070311e-01 4.004999038646414045e-01 5.166314170351855584e-01 5.362430301865025450e-01 6.467986925591232561e-01 4.993270524899057761e-01 5.831570851759276808e-01 6.168044606806383223e-01 6.271870794078061584e-01 7.475485483560854183e-01 6.746779465487405814e-01 6.940972889828879167e-01 7.006344933666602826e-01 7.817727360123053471e-01 7.971543933858873388e-01 7.888867525475870002e-01 7.652374543357046699e-01 7.675447029417419298e-01 7.771582388002307162e-01
7.096712170736396708e-01 6.050759469332820384e-01 5.862334166506441013e-01 5.693135935397038994e-01 5.222072678331090012e-01 5.573928090751778530e-01 5.368198423380119433e-01 5.422034224187656237e-01 5.727744664487598447e-01 5.900788309940395715e-01 6.187271678523360574e-01 7.919630840223034207e-01 7.350509517400499737e-01 7.019803883868487304e-01 6.958277254374158893e-01 8.040761392039992295e-01 8.052297635070179149e-01 8.088829071332436227e-01 7.802345702749471368e-01 7.504326091136319654e-01 8.059988463756969646e-01
5.189386656412228183e-01 5.683522399538549763e-01 5.706594885598923472e-01 7.067871563160930126e-01 6.981349740434531492e-01 6.927513939626994688e-01 6.962122668717554141e-01 6.921745818111901816e-01 6.935204768313786294e-01 6.767929244376081899e-01 6.933282061142087560e-01 6.750624879830802172e-01 7.429340511440107875e-01 7.204383772351470316e-01 6.989040569121323099e-01 7.706210344164583503e-01 7.587002499519323040e-01 7.692751393962699025e-01 7.602384156892905143e-01 7.635070178811766972e-01 7.425495097096712627e-01
7.592770621034415912e-01 7.438954047298595995e-01 6.614112670640261982e-01 7.206306479523169051e-01 6.621803499327052478e-01 7.125552778311863289e-01 7.098634877908094332e-01 6.819842338011921079e-01 6.942895597000576791e-01 7.698519515477793007e-01 7.467794654874062577e-01 6.892905210536435234e-01 7.500480676792924406e-01 7.811959238607959488e-01 7.415881561238223396e-01 7.408190732551432900e-01 7.861949625072101044e-01 7.817727360123053471e-01 7.792732166890982137e-01 7.794654874062679761e-01 7.777350509517400035e-01
4.706787156316092902e-01 7.056335320130744382e-01 5.479715439338588290e-01 7.015958469525090946e-01 6.660257642761007180e-01 7.065948855989232502e-01 6.275716208421457942e-01 6.902518746394924465e-01 7.006344933666602826e-01 6.864064602960968653e-01 6.879446260334550756e-01 7.204383772351470316e-01 8.038838684868294671e-01 7.379350124975966319e-01 7.477408190732551807e-01 7.763891559315516666e-01 7.694674101134397759e-01 7.385118246491059191e-01 7.806191117092866616e-01 7.985002884060757866e-01 7.885022111132474754e-01
4.868294558738703870e-01 4.881753508940588349e-01 4.935589309748125153e-01 5.310517208229186270e-01 5.337435108632955227e-01 6.250721015189386609e-01 6.464141511247837313e-01 6.844837531243991302e-01 6.796769851951547370e-01 6.610267256296865623e-01 7.148625264372235888e-01 6.923668525283599440e-01 6.998654104979811219e-01 6.975581618919438620e-01 7.792732166890982137e-01 7.690828686791001401e-01 7.529321284368390987e-01 6.158431070947895103e-01 7.327437031340127138e-01 7.433185925783503123e-01 7.238992501442030880e-01
6.164199192462987975e-01 7.154393385887329870e-01 5.895020188425302843e-01 5.770044222264949507e-01 5.787348586810229234e-01 5.795039415497019730e-01 5.758507979234762653e-01 5.748894443376273422e-01 7.371659296289174712e-01 7.331282445683522386e-01 7.373582003460873446e-01 6.794847144779849746e-01 6.785233608921361625e-01 6.658334935589309556e-01 6.621803499327052478e-01 6.839069409728898430e-01 6.573735820034608546e-01 6.858296481445875781e-01 6.444914439530859962e-01 6.864064602960968653e-01 6.356469909632762594e-01
3.681984233801192108e-01 3.689675062487983159e-01 4.854835608536819946e-01 5.410497981157469383e-01 5.681599692366852139e-01 6.344933666602576849e-01 6.194962507210152181e-01 6.173812728321476095e-01 6.312247644683715020e-01 6.894827917708132858e-01 6.906364160738319713e-01 6.837146702557200806e-01 7.642761007498557468e-01 7.594693328206114646e-01 7.150547971543933512e-01 6.865987310132666277e-01 6.933282061142087560e-01 6.562199577004421691e-01 7.033262834070370673e-01 6.619880792155354854e-01 6.877523553162853132e-01
