5.606614112670640360e-01 7.738896366083445333e-01 7.498557969621226782e-01 7.371659296289174712e-01 7.306287252451452163e-01 7.290905595077870061e-01 7.281292059219380830e-01 7.263987694674101103e-01 7.263987694674101103e-01 7.263987694674101103e-01 7.263987694674101103e-01 7.313978081138242660e-01 7.481253605075947055e-01 7.481253605075947055e-01 8.125360507594693305e-01 8.059988463756969646e-01 8.371467025572005838e-01 8.284945202845606094e-01 7.852336089213612924e-01 8.121515093251298056e-01 8.154201115170159886e-01
7.681215150932513280e-01 7.513939626994808885e-01 7.308209959623149787e-01 5.006729475100941684e-01 4.449144395308594624e-01 6.331474716400692371e-01 7.429340511440107875e-01 8.631032493751201740e-01 8.615650836377619637e-01 8.623341665064411243e-01 8.744472216881369331e-01 8.665641222841761193e-01 8.634877908094596988e-01 8.634877908094596988e-01 8.577196692943664935e-01 8.794462603345510887e-01 8.965583541626610531e-01 9.167467794654874380e-01 8.971351663141703403e-01 8.944433762737935556e-01 8.961738127283215283e-01
6.385310517208229175e-01 7.015958469525090946e-01 5.398961738127283638e-01 5.239377042876369739e-01 5.637377427417804565e-01 7.162084214574120367e-01 7.640838300326859844e-01 7.698519515477793007e-01 7.950394154970198413e-01 8.092674485675831475e-01 8.040761392039992295e-01 7.996539127090943611e-01 7.873485868102287899e-01 7.865795039415497403e-01 7.865795039415497403e-01 7.865795039415497403e-01 7.306287252451452163e-01 7.315900788309940284e-01 7.154393385887329870e-01 7.669678907902326426e-01 7.794654874062679761e-01
6.789079023264756874e-01 7.237069794270332146e-01 7.254374158815611873e-01 7.237069794270332146e-01 7.412036146894828148e-01 7.300519130936358181e-01 7.512016919823111261e-01 7.735050951740050085e-01 8.338781003653144008e-01 8.302249567390885820e-01 8.296481445875792948e-01 8.250336473755046640e-01 8.229186694866371665e-01 8.229186694866371665e-01 8.229186694866371665e-01 8.229186694866371665e-01 8.311863103249375051e-01 8.204191501634301442e-01 8.448375312439915241e-01 8.227263987694674041e-01 8.542587963853105482e-01
6.044991347817727512e-01 6.954431840030763645e-01 7.110171120938281186e-01 7.202461065179772692e-01 7.244760622957123752e-01 7.146702557200538264e-01 7.225533551240146402e-01 7.248606037300519001e-01 7.250528744472216625e-01 7.206306479523169051e-01 7.162084214574120367e-01 7.162084214574120367e-01 7.162084214574120367e-01 7.162084214574120367e-01 7.162084214574120367e-01 7.162084214574120367e-01 7.696596808306095383e-01 7.702364929821188255e-01 7.900403768506056856e-01 7.794654874062679761e-01 7.888867525475870002e-01
2.445683522399538512e-01 7.185156700634492966e-01 4.333781965006729409e-01 7.106325706594885938e-01 6.552586041145933571e-01 7.421649682753316268e-01 6.567967698519515674e-01 7.671601615074024050e-01 7.786964045375889265e-01 7.886944818304172378e-01 8.098442607190924347e-01 8.077292828302249372e-01 8.052297635070179149e-01 7.936935204768313934e-01 7.965775812343780515e-01 7.942703326283406806e-01 7.942703326283406806e-01 7.940780619111709182e-01 7.940780619111709182e-01 8.209959623149394314e-01 7.860026917900403420e-01
5.773889636608344755e-01 4.322245721976543109e-01 5.545087483176311949e-01 7.733128244568352461e-01 7.156316093059027494e-01 8.069601999615458876e-01 8.021534320323014944e-01 8.006152662949432841e-01 8.288790617189002452e-01 8.171505479715439613e-01 8.140742164968275407e-01 8.373389732743703462e-01 8.281099788502210846e-01 8.300326860219188196e-01 8.283022495673908470e-01 8.277254374158815597e-01 8.277254374158815597e-01 8.252259180926745374e-01 7.467794654874062577e-01 7.467794654874062577e-01 7.467794654874062577e-01
5.991155547010190707e-01 7.229378965583541650e-01 5.929628917515862296e-01 6.416073831955393381e-01 6.121899634685636915e-01 6.416073831955393381e-01 6.825610459527013951e-01 7.394731782349548421e-01 7.621611228609882494e-01 7.996539127090943611e-01 7.998461834262642345e-01 7.967698519515478139e-01 7.988848298404153114e-01 8.094597192847529099e-01 8.023457027494712568e-01 8.021534320323014944e-01 8.021534320323014944e-01 8.023457027494712568e-01 8.023457027494712568e-01 7.608152278407998015e-01 7.338973274370312883e-01
6.148817535089405872e-01 3.958854066525668292e-01 5.650836377619689044e-01 4.662564891367044773e-01 4.258796385310517074e-01 6.021918861757353802e-01 6.983272447606229116e-01 6.766006537204384275e-01 7.804268409921168992e-01 8.150355700826764638e-01 8.825225918092673982e-01 8.692559123245530150e-01 8.692559123245530150e-01 8.333012882138050026e-01 8.336858296481446384e-01 8.331090174966352402e-01 8.331090174966352402e-01 8.331090174966352402e-01 8.627187079407806491e-01 8.813689675062488238e-01 9.102095750817150721e-01
7.200538358008075068e-01 7.585079792347625416e-01 5.939242453374351527e-01 7.875408575273985523e-01 5.508556046914054871e-01 7.946548740626802054e-01 8.286867910017304828e-01 8.283022495673908470e-01 8.288790617189002452e-01 8.706018073447413519e-01 8.604114593347432782e-01 8.284945202845606094e-01 8.246491059411651392e-01 8.223418573351278793e-01 8.054220342241876773e-01 8.148432993655065903e-01 8.117669678907902808e-01 8.117669678907902808e-01 8.261872716785233495e-01 7.946548740626802054e-01 8.029225149009805440e-01
4.991347817727360137e-01 3.633916554508748176e-01 7.110171120938281186e-01 5.910401845798884946e-01 7.929244376081522327e-01 7.185156700634492966e-01 7.796577581234378496e-01 8.265718131128628743e-01 8.211882330321091938e-01 8.204191501634301442e-01 8.329167467794654778e-01 8.319553931936166657e-01 8.631032493751201740e-01 8.271486252643722725e-01 8.244568352239953768e-01 8.217650451836184811e-01 8.184964429917324091e-01 8.211882330321091938e-01 8.344549125168236881e-01 8.454143433955008113e-01 8.121515093251298056e-01
6.448759853874255210e-01 3.628148432993655303e-01 6.862141895789271029e-01 7.219765429725052419e-01 6.981349740434531492e-01 7.213997308209959547e-01 7.248606037300519001e-01 7.858104210728705796e-01 7.967698519515478139e-01 8.129205921938088553e-01 8.169582772543741989e-01 8.127283214766390929e-01 8.283022495673908470e-01 8.283022495673908470e-01 8.283022495673908470e-01 8.507979234762546028e-01 8.181119015573927733e-01 8.275331666987117973e-01 8.384925975773889206e-01 8.486829455873869943e-01 8.615650836377619637e-01
5.473947317823495418e-01 4.337627379350125212e-01 3.870409536627571478e-01 5.316285329744280252e-01 6.927513939626994688e-01 6.904441453566622089e-01 8.136896750624880159e-01 7.983080176889060242e-01 8.142664872139973031e-01 8.061911170928667270e-01 8.336858296481446384e-01 8.459911555470102096e-01 8.896366083445491624e-01 8.898288790617189248e-01 8.702172659104018271e-01 8.477215920015381823e-01 8.830994039607767965e-01 8.830994039607767965e-01 8.946356469909633180e-01 8.834839453951163213e-01 8.890597961930397641e-01
4.691405498942510799e-01 3.851182464910594128e-01 6.587194770236493024e-01 7.342818688713709241e-01 6.535281676600653844e-01 7.544702941741973090e-01 7.717746587194770358e-01 7.790809459719284513e-01 7.911940011536242601e-01 7.908094597192847353e-01 7.861949625072101044e-01 7.846567967698520052e-01 7.785041338204191641e-01 7.756200730628725060e-01 7.756200730628725060e-01 7.756200730628725060e-01 7.756200730628725060e-01 7.700442222649490631e-01 7.700442222649490631e-01 7.700442222649490631e-01 7.702364929821188255e-01
7.096712170736396708e-01 7.440876754470293619e-01 7.371659296289174712e-01 7.325514324168429514e-01 7.317823495481637908e-01 7.298596423764660557e-01 7.288982887906172436e-01 7.287060180734473702e-01 7.313978081138242660e-01 7.306287252451452163e-01 7.306287252451452163e-01 7.306287252451452163e-01 7.302441838108055805e-01 7.302441838108055805e-01 7.410113439723130524e-01 7.338973274370312883e-01 7.246683330128821376e-01 7.246683330128821376e-01 7.781195923860796393e-01 7.854258796385310548e-01 7.865795039415497403e-01
5.189386656412228183e-01 7.254374158815611873e-01 5.427802345702749109e-01 7.846567967698520052e-01 7.800422995577773744e-01 7.779273216689098769e-01 8.063833878100364894e-01 7.881176696789079505e-01 7.804268409921168992e-01 8.284945202845606094e-01 8.183041722745625357e-01 8.034993270524899422e-01 8.027302441838107816e-01 8.006152662949432841e-01 8.054220342241876773e-01 8.009998077292828089e-01 7.904249182849452104e-01 7.881176696789079505e-01 8.202268794462603818e-01 8.461834262641799720e-01 8.461834262641799720e-01
7.596616035377812270e-01 7.512016919823111261e-01 7.015958469525090946e-01 5.648913670447990309e-01 4.939434724091520956e-01 6.202653335896942677e-01 7.983080176889060242e-01 8.521438184964429396e-01 8.654104979811574339e-01 8.423380119207845018e-01 8.369544318400307104e-01 8.340703710824841632e-01 8.344549125168236881e-01 8.627187079407806491e-01 8.627187079407806491e-01 8.123437800422995680e-01 7.885022111132474754e-01 7.885022111132474754e-01 7.956162276485291285e-01 7.958084983656988909e-01 7.958084983656988909e-01
4.031916939050182447e-01 2.966737165929628772e-01 2.966737165929628772e-01 2.966737165929628772e-01 3.520476831378581140e-01 3.407037108248413548e-01 4.683714670255720303e-01 5.960392232263026502e-01 5.731590078830993695e-01 7.108248413766583562e-01 7.736973658911747709e-01 8.325322053451259530e-01 8.682945587387040920e-01 8.796385310517208511e-01 8.756008459911555075e-01 8.738704095366275348e-01 8.975197077485098651e-01 9.040569121322822310e-01 9.029032878292636566e-01 9.029032878292636566e-01 9.088636800615266242e-01
6.189194385695058198e-01 3.587771582388002423e-01 6.666025764276101162e-01 7.961930398000384157e-01 7.796577581234378496e-01 7.617765814266487245e-01 7.563930013458950441e-01 7.519707748509901757e-01 7.519707748509901757e-01 7.519707748509901757e-01 7.275523937704287958e-01 7.823495481638146343e-01 8.081138242645644620e-01 8.452220726783310489e-01 8.306094981734282179e-01 8.361853489713516607e-01 8.152278407998462262e-01 8.298404153047490572e-01 8.411843876177658164e-01 8.383003268602191582e-01 8.348394539511632129e-01
6.164199192462987975e-01 7.114016535281676434e-01 7.271678523360891599e-01 7.375504710632571070e-01 7.387040953662756815e-01 7.338973274370312883e-01 7.435108632955200747e-01 7.512016919823111261e-01 7.421649682753316268e-01 7.460103826187272080e-01 7.450490290328782850e-01 7.454335704672178098e-01 7.510094212651413637e-01 7.510094212651413637e-01 7.510094212651413637e-01 7.510094212651413637e-01 7.513939626994808885e-01 7.513939626994808885e-01 7.513939626994808885e-01 7.696596808306095383e-01 7.613920399923091997e-01
4.858681022880215195e-01 7.594693328206114646e-01 7.531243991540088611e-01 7.396654489521246045e-01 7.383195539319361567e-01 7.362045760430686592e-01 7.362045760430686592e-01 7.277446644875985582e-01 7.273601230532590334e-01 7.273601230532590334e-01 7.273601230532590334e-01 7.267833109017496351e-01 7.613920399923091997e-01 7.613920399923091997e-01 7.325514324168429514e-01 7.169775043260910863e-01 7.406268025379734166e-01 7.394731782349548421e-01 7.850413382041915300e-01 7.863872332243799779e-01 8.323399346279561906e-01
