7.762405460247187028e-01 3.865522966242390668e-01 6.726311258685359062e-01 6.181823771751829844e-01 7.422984689171739925e-01 7.812211769046301102e-01 7.597614216319252822e-01 7.650187542273872987e-01 7.715366168603579045e-01 7.981307261882801818e-01 8.606653139027239385e-01 8.417266187050359560e-01 8.384061981184283141e-01 8.681977494927135552e-01 8.628174383570067496e-01 8.592818053249707821e-01 8.524257517063272838e-01 8.400356637766709378e-01 8.724712537662178136e-01 8.778208202668634774e-01 8.804341142470638593e-01
6.991330012912746472e-01 7.292934882862940338e-01 6.974113017278484872e-01 7.271413638320113337e-01 6.899096107729201233e-01 6.461907397159195598e-01 6.710324048453545354e-01 7.323064625222898139e-01 7.440201684806001525e-01 7.973313656766893853e-01 8.319805693906413557e-01 8.163930394146221570e-01 8.404353440324663360e-01 8.635860542335362933e-01 8.622025456557830259e-01 8.608497817130910112e-01 8.657689233228801351e-01 8.531943675828568274e-01 8.516571358297977401e-01 8.594662731353378549e-01 8.701346615015679298e-01
4.920371395191538988e-01 6.662977310459324842e-01 5.968763450777839763e-01 5.654245834101949697e-01 5.236733689971100336e-01 7.010699133001291328e-01 7.054971407489393220e-01 7.816208571604255084e-01 7.539199409703006838e-01 7.614523765602901895e-01 7.854946811781343685e-01 7.591465289307015585e-01 7.896452069113939487e-01 8.372686466211646250e-01 8.487978847691077799e-01 8.383139642132447777e-01 8.350242882616983886e-01 8.679210477771628351e-01 8.680747709524687661e-01 8.593432945950931767e-01 8.564840435344032166e-01
6.547377482629280765e-01 6.714628297362110754e-01 6.666974113017278825e-01 6.165836561520015024e-01 6.516017954866876183e-01 6.022874008485519237e-01 7.637274795548176787e-01 8.024964643669679765e-01 8.055401832380250093e-01 7.968701961507717035e-01 7.743036340158642172e-01 8.247863247863247427e-01 8.043411424706389257e-01 8.284756809936666411e-01 8.419418311504642816e-01 8.684744512082641643e-01 8.662915821189202115e-01 8.761606099735596009e-01 8.781897558875976229e-01 8.874131464059521468e-01 8.980815347721822217e-01
5.465473774826292708e-01 6.406874500399680761e-01 6.830843017893377667e-01 6.876959970485150286e-01 7.074340527577938076e-01 7.112771321404415259e-01 7.562872778700117093e-01 7.938264772797146707e-01 7.517985611510791255e-01 7.425444259976634598e-01 7.787308614646744065e-01 7.538584517001782892e-01 7.812826661747525048e-01 7.895222283711492706e-01 8.165160179548668351e-01 7.930271167681239852e-01 7.979462583779131091e-01 7.977925352026071781e-01 7.913054172046978252e-01 7.857098936235626940e-01 8.198671831765357298e-01
4.042304617844186265e-01 3.592510606899095849e-01 3.932853717026378870e-01 5.041505257332595802e-01 7.218840312365492062e-01 7.497386706019799618e-01 7.585316362294779458e-01 7.116153231261145296e-01 7.196396728770829698e-01 7.428211277132140689e-01 7.128143638935006132e-01 7.553649388181762347e-01 7.400233659226465033e-01 7.542273873209125457e-01 7.880464858882124668e-01 8.091373055401832604e-01 8.002213613724404873e-01 8.504580950624116564e-01 8.392363032650802523e-01 8.655537108774519206e-01 8.735473159933591081e-01
6.719239992621287572e-01 5.768308430178933355e-01 5.747402078337330300e-01 7.453114431531697726e-01 7.370411363217118650e-01 7.331980569390641467e-01 7.401463444628911814e-01 7.293549775564164284e-01 7.445120826415790871e-01 7.335362479247371503e-01 7.213613724405091299e-01 7.176720162331673425e-01 7.208387136444690535e-01 7.458648465842709907e-01 7.710139580643178281e-01 7.746418250015372209e-01 7.889688249400479414e-01 7.747648035417820100e-01 7.791920309905920883e-01 7.783311812088790083e-01 8.256471745680378227e-01
6.630387997294472369e-01 5.749246756441001027e-01 5.347106929840742540e-01 6.148312119535140896e-01 6.252536432392546972e-01 7.562872778700117093e-01 7.524134538523027382e-01 7.400848551927688979e-01 7.648342864170202260e-01 8.106437926581810949e-01 7.912439279345754306e-01 7.824817069421385884e-01 7.874315931869888541e-01 7.926581811473897288e-01 7.882309536985796505e-01 8.027424214474574438e-01 8.093217733505503331e-01 8.076308184221853148e-01 8.347168419110865267e-01 8.416651294349135615e-01 8.342864170202299867e-01
6.510483920555862891e-01 6.410871302957633633e-01 6.825308983582364375e-01 7.308307200393531211e-01 6.716780421816392899e-01 8.161778269691938315e-01 8.250015372317530682e-01 7.905368013281682815e-01 8.026809321773350492e-01 7.967164729754657726e-01 8.315193998647235629e-01 8.321650372010084284e-01 8.405583225727110142e-01 8.564840435344032166e-01 8.357621595031666795e-01 8.817561335546947321e-01 8.871671893254626795e-01 8.700424275963843934e-01 8.668449855500215406e-01 8.899034618459078505e-01 8.892270798745618432e-01
6.472053126729385708e-01 6.474820143884891799e-01 5.742790383078152372e-01 6.533542396851749201e-01 7.268339174813994719e-01 7.677242821127713279e-01 8.140564471499723842e-01 7.388243251552604196e-01 7.980077476480353926e-01 7.622824817069421277e-01 7.846030867613601467e-01 7.845415974912377521e-01 8.351472668019430667e-01 8.554079813072619221e-01 8.588206357990531004e-01 8.672754104408780806e-01 8.520260714505318855e-01 8.657381786878189933e-01 8.669987087253274716e-01 8.855069790321589140e-01 8.753919940970300573e-01
7.031605484842894382e-01 4.293488286294041556e-01 5.797823279837668320e-01 5.683453237410072134e-01 6.524933899034618401e-01 7.409457049744819779e-01 7.131525548791736169e-01 7.880464858882124668e-01 8.015741253151325019e-01 8.269691938756686955e-01 8.007440201684805636e-01 7.908135030437188906e-01 8.142409149603394569e-01 8.165775072249892297e-01 7.840496833302588175e-01 7.795609666113263447e-01 8.229723913177150463e-01 7.984996618090143272e-01 8.215273934698394953e-01 8.164545286847445515e-01 8.138719793396052005e-01
6.736764434606161700e-01 6.880341880341880323e-01 6.724466580581688335e-01 6.889872717210846487e-01 7.414991084055831960e-01 7.639426920002460042e-01 7.805447949332841029e-01 7.903523335178010978e-01 7.800836254073664211e-01 7.915821189202484343e-01 7.848797884769107558e-01 7.952407304925290799e-01 8.210662239439218135e-01 8.252167496771812827e-01 8.331488655229662976e-01 8.324724835516202903e-01 8.534095800282850419e-01 8.466765049498862217e-01 8.648158396359835187e-01 8.788968824940047719e-01 8.862448502736272049e-01
5.200147574248293880e-01 6.484043534403246545e-01 6.252843878743159500e-01 5.894976326631002905e-01 6.668203898419725606e-01 7.245895591219332355e-01 7.199471192276947207e-01 7.300928487978847192e-01 7.332288015741252885e-01 7.462952714751276417e-01 7.704605546332164989e-01 8.387751337391625706e-01 8.220500522658795717e-01 8.276148312119535611e-01 8.294595093156243992e-01 8.210662239439218135e-01 8.377913054172047014e-01 8.384061981184283141e-01 8.271536616860357682e-01 8.606038246326016550e-01 8.527024534218778928e-01
6.833610035048883757e-01 4.580028285064256521e-01 6.012420832564717710e-01 6.688802803910717243e-01 6.737994220008608481e-01 6.820082395621963611e-01 8.205128205128204844e-01 7.967164729754657726e-01 7.872778700116829231e-01 8.575293611264834803e-01 8.866752751644837449e-01 8.846153846153845812e-01 9.225542642808829408e-01 9.228002213613724081e-01 8.931009038922708143e-01 8.814179425690217284e-01 8.713029576338928717e-01 8.690278546393653825e-01 8.718563610649942008e-01 8.623562688310889568e-01 8.625714812765172823e-01
6.708171923999262098e-01 7.284018938695198120e-01 7.093709647666481821e-01 6.625161409334071605e-01 6.166144007870626442e-01 6.279284264895775847e-01 7.759330996741068409e-01 7.555801512636044492e-01 7.798069236918158120e-01 8.166697411301727660e-01 8.309967410686834866e-01 7.664944967103241025e-01 8.302588698272151957e-01 8.436020414437680470e-01 8.469839513004980835e-01 8.586976572588083112e-01 8.730554018323802845e-01 8.573756379511775494e-01 8.876898481215027559e-01 8.786816700485765574e-01 8.636475435036585768e-01
5.238885814425382481e-01 4.415544487486933733e-01 5.278546393654307556e-01 5.907889073356699106e-01 7.301543380680071138e-01 7.727971468978662717e-01 7.662485396298346352e-01 8.010207218840312837e-01 8.282604685482383156e-01 8.419110865154030288e-01 8.341019492098629140e-01 8.460001229785402144e-01 8.527024534218778928e-01 8.305355715427658048e-01 8.305970608128881993e-01 8.123962368566685077e-01 8.161163376990715479e-01 8.549468117813441292e-01 8.374223697964705559e-01 8.656766894176965987e-01 8.666297731045932151e-01
6.450531882186558708e-01 7.096169218471376494e-01 6.682653876898481116e-01 6.589805079013711930e-01 7.018692738117198182e-01 6.389042612064195215e-01 7.314148681055155921e-01 7.689540675152185534e-01 7.923507347967779779e-01 8.142409149603394569e-01 7.976080673922401054e-01 8.039107175797822746e-01 8.460616122486626089e-01 8.465842710447026853e-01 8.400049191416097960e-01 8.735780606284203609e-01 8.563610649941585384e-01 8.612494619688864095e-01 8.813871979339604756e-01 8.697964705158949261e-01 8.606345692676627968e-01
3.987271721084670872e-01 3.880587837422369568e-01 4.256287277870011709e-01 4.141609789091803551e-01 6.864969562811289450e-01 6.172907827584086515e-01 7.768861833610034573e-01 7.831273442784234540e-01 7.614216319252290477e-01 8.335485457787615848e-01 8.368689663653692268e-01 8.324417389165590375e-01 8.168234643054786970e-01 8.062165652093710166e-01 8.133185759085039823e-01 8.364692861095738285e-01 8.848613416958740485e-01 8.838775133739162904e-01 8.777900756318022246e-01 8.656459447826354570e-01 8.687511529238147734e-01
5.341572895529730358e-01 4.156367213921171033e-01 6.708786816700486044e-01 7.670786447764864624e-01 7.738424644899465354e-01 7.714136383201131153e-01 7.908749923138412852e-01 8.042181639303941365e-01 8.148250630265019279e-01 7.942261575355100689e-01 8.105208141179364167e-01 8.109204943737318150e-01 8.491053311197196418e-01 8.421262989608313543e-01 8.795425198302896375e-01 8.830166635922032103e-01 8.779437988071081556e-01 8.952837729816146561e-01 8.899342064809691033e-01 8.774826292811904738e-01 8.955297300621041234e-01
5.621963967287708641e-01 6.531082826046854528e-01 6.248539629834594100e-01 5.608743774211399913e-01 7.394084732214228906e-01 7.496771813318575672e-01 7.560413207895222421e-01 7.601611018877205694e-01 7.801451146774888157e-01 7.953329643977126162e-01 8.055401832380250093e-01 8.676443460616122261e-01 8.840004919141609685e-01 8.702883846768738607e-01 8.505503289675951928e-01 8.820328352702453412e-01 8.791735842095553810e-01 8.680747709524687661e-01 8.745311443153169773e-01 8.851380434114246576e-01 8.830166635922032103e-01
7.611449302096784386e-01 5.887597614216318886e-01 7.517063272458955892e-01 7.686466211646068025e-01 7.364569882555493940e-01 7.375637951177519414e-01 7.445120826415790871e-01 7.363340097153047159e-01 7.462645268400663889e-01 7.434667650494988234e-01 7.516140933407120528e-01 7.870011682961323141e-01 7.819590481460985121e-01 8.284756809936666411e-01 8.268462153354240174e-01 8.418495972452807452e-01 8.187911209493943243e-01 8.357006702330442849e-01 8.750230584762959118e-01 8.545778761606099838e-01 8.592203160548483876e-01
