3.343587771582388068e-01 5.572005383580080906e-01 6.219957700442222404e-01 6.467986925591232561e-01 6.431455489328975483e-01 6.791001730436454498e-01 6.773697365891174771e-01 6.231493943472409258e-01 5.937319746202652793e-01 7.627379350124976476e-01 6.862141895789271029e-01 6.544895212459141964e-01 5.870024995193232620e-01 5.450874831763122819e-01 4.981734281868871461e-01 5.898865602768698091e-01 6.146894827917708248e-01 6.475677754278023057e-01 6.983272447606229116e-01 7.065948855989232502e-01 7.271678523360891599e-01
6.633339742357239333e-01 6.627571620842145350e-01 6.639107863872332205e-01 6.629494328013842974e-01 6.608344549125167999e-01 6.089213612766775086e-01 6.056527590847914366e-01 6.202653335896942677e-01 6.867910017304365011e-01 6.814074216496827097e-01 7.775427802345702410e-01 6.416073831955393381e-01 6.139203999230916642e-01 7.204383772351470316e-01 6.629494328013842974e-01 6.648721399730821435e-01 6.377619688521438679e-01 6.933282061142087560e-01 7.154393385887329870e-01 6.902518746394924465e-01 7.119784656796769307e-01
6.341088252259180491e-01 6.639107863872332205e-01 6.218034993270524780e-01 5.197077485099019789e-01 5.145164391463180609e-01 5.871947702364930244e-01 6.023841568929052537e-01 6.173812728321476095e-01 5.821957315900788688e-01 5.787348586810229234e-01 5.720053835800807951e-01 6.348779080945972098e-01 6.691020957508171385e-01 6.915977696596807833e-01 6.825610459527013951e-01 6.664103057104403538e-01 6.896750624879830482e-01 5.973851182464910980e-01 5.783503172466832876e-01 6.494904825995000408e-01 6.223803114785617652e-01
6.014228033070563306e-01 6.039223226302634639e-01 6.048836762161122760e-01 6.048836762161122760e-01 6.048836762161122760e-01 6.844837531243991302e-01 6.608344549125167999e-01 6.068063833878100111e-01 5.866179580849836261e-01 5.925783503172467048e-01 5.873870409536627868e-01 5.881561238223418364e-01 5.729667371659296071e-01 5.770044222264949507e-01 5.771966929436647131e-01 5.666218034993270036e-01 5.495097096712170393e-01 6.748702172659104548e-01 6.792924437608152122e-01 7.310132666794847411e-01 6.950586425687367287e-01
6.046914054989425136e-01 5.781580465295135252e-01 5.783503172466832876e-01 6.704479907710055864e-01 6.719861565083637966e-01 5.731590078830993695e-01 6.656412228417611932e-01 6.652566814074216683e-01 6.517977312055374117e-01 5.562391847721591676e-01 6.294943280138435293e-01 6.356469909632762594e-01 6.119976927513939291e-01 6.860219188617573405e-01 7.560084599115555193e-01 7.365891174774081840e-01 7.090944049221303835e-01 6.835223995385503182e-01 6.933282061142087560e-01 6.754470294174197420e-01 6.975581618919438620e-01
6.694866371851566633e-01 6.704479907710055864e-01 4.351086329552009135e-01 6.235339357815804506e-01 5.031724668333013017e-01 5.725821957315900823e-01 5.768121515093250773e-01 5.904633724283792073e-01 6.535281676600653844e-01 5.589309748125360633e-01 5.741203614689482926e-01 7.594693328206114646e-01 7.485099019419342303e-01 7.617765814266487245e-01 7.446644875985387602e-01 6.669871178619496410e-01 6.979427033262833868e-01 7.062103441645837254e-01 6.666025764276101162e-01 7.154393385887329870e-01 7.508171505479714902e-01
5.773889636608344755e-01 5.870024995193232620e-01 5.858488752163045765e-01 6.908286867910017337e-01 6.927513939626994688e-01 6.865987310132666277e-01 6.881368967506248380e-01 6.890982503364737610e-01 7.015958469525090946e-01 6.689098250336473761e-01 6.881368967506248380e-01 6.783310901749664001e-01 6.037300519130935905e-01 6.275716208421457942e-01 6.341088252259180491e-01 5.933474331859257545e-01 6.121899634685636915e-01 5.958469525091328878e-01 5.979619303980003853e-01 6.619880792155354854e-01 6.700634493366660616e-01
4.716400692174581577e-01 6.039223226302634639e-01 5.823880023072486312e-01 5.825802730244183936e-01 5.825802730244183936e-01 4.849067487021726519e-01 5.868102288021533885e-01 6.650644106902519059e-01 5.554701019034801179e-01 6.883291674677946004e-01 7.385118246491059191e-01 6.946741011343972039e-01 6.967890790232647014e-01 7.033262834070370673e-01 7.027494712555277800e-01 7.354354931743894985e-01 7.473562776389155449e-01 7.127475485483560913e-01 7.021726591040184928e-01 7.285137473562776078e-01 7.258219573159008231e-01
6.060373005191309614e-01 5.012497596616035667e-01 5.012497596616035667e-01 5.072101518938665343e-01 7.139011728513747768e-01 7.121707363968468041e-01 6.641030571044029829e-01 6.639107863872332205e-01 5.981542011151701477e-01 6.808306094981734224e-01 5.741203614689482926e-01 5.808498365698904209e-01 7.381272832147663943e-01 7.494712555277831534e-01 7.190924822149586948e-01 6.852528359930782909e-01 7.271678523360891599e-01 6.969813497404345748e-01 6.962122668717554141e-01 7.506248798308017278e-01 7.087098634877908587e-01
4.527975389348202206e-01 5.620073062872524838e-01 5.070178811766967719e-01 5.523937704287636974e-01 6.268025379734666336e-01 7.331282445683522386e-01 6.218034993270524780e-01 5.020188425302826163e-01 6.802537973466641352e-01 6.977504326091136244e-01 7.313978081138242660e-01 7.360123053258988968e-01 7.404345318208036542e-01 7.413958854066525772e-01 7.848490674870217676e-01 7.635070178811766972e-01 7.965775812343780515e-01 7.731205537396654837e-01 7.840799846183426070e-01 7.813881945779658222e-01 7.752355316285329812e-01
5.485483560853682272e-01 4.051144010767160353e-01 5.712363007114016344e-01 5.618150355700827214e-01 5.718131128629110327e-01 6.514131897711978869e-01 5.618150355700827214e-01 5.696981349740434242e-01 7.037108248413767031e-01 6.927513939626994688e-01 7.379350124975966319e-01 7.323591616996731890e-01 7.458181119015574456e-01 6.777542780234570019e-01 7.377427417804268694e-01 7.275523937704287958e-01 7.248606037300519001e-01 7.338973274370312883e-01 6.964045375889251765e-01 6.950586425687367287e-01 7.085175927706209853e-01
6.052682176504518008e-01 4.589502018842530062e-01 4.593347433185925865e-01 7.273601230532590334e-01 7.173620457604307221e-01 6.725629686598730839e-01 7.363968467602384216e-01 7.308209959623149787e-01 6.819842338011921079e-01 7.079407806191116981e-01 6.769851951547779523e-01 6.931359353970389936e-01 7.313978081138242660e-01 7.781195923860796393e-01 7.685060565275908528e-01 7.688905979619303777e-01 7.244760622957123752e-01 7.356277638915592609e-01 7.308209959623149787e-01 7.556239184772158834e-01 7.444722168813689978e-01
5.133628148432993754e-01 5.729667371659296071e-01 5.735435493174390054e-01 5.733512786002691319e-01 6.837146702557200806e-01 6.956354547202461269e-01 6.981349740434531492e-01 6.708325322053451112e-01 6.733320515285522445e-01 7.177465871947702469e-01 7.087098634877908587e-01 6.291097865795038935e-01 7.512016919823111261e-01 7.313978081138242660e-01 6.940972889828879167e-01 6.950586425687367287e-01 6.277638915593155566e-01 6.500672947510094390e-01 6.575658527206306170e-01 6.619880792155354854e-01 6.491059411651605160e-01
5.231686214189579243e-01 5.885406652566813612e-01 5.977696596808306229e-01 6.006537204383772810e-01 5.868102288021533885e-01 6.617958084983657230e-01 6.623726206498750102e-01 6.812151509325129473e-01 6.708325322053451112e-01 6.733320515285522445e-01 7.058258027302442006e-01 7.004422226494905201e-01 7.052489905787349134e-01 7.046721784272255151e-01 7.133243606998653785e-01 7.029417419726975425e-01 7.058258027302442006e-01 6.706402614881753488e-01 6.575658527206306170e-01 6.985195154777927851e-01 6.735243222457220069e-01
7.108248413766583562e-01 6.041145933474332264e-01 6.043068640646029888e-01 6.635262449528936957e-01 6.027686983272447785e-01 6.523745433570466989e-01 6.458373389732743330e-01 6.114208805998846419e-01 5.745049029032878174e-01 5.770044222264949507e-01 6.402614881753508902e-01 6.639107863872332205e-01 6.219957700442222404e-01 5.937319746202652793e-01 5.981542011151701477e-01 6.087290905595077461e-01 5.595077869640453505e-01 6.687175543164776137e-01 6.619880792155354854e-01 6.189194385695058198e-01 6.871755431647760259e-01
5.189386656412228183e-01 5.193232070755623431e-01 6.356469909632762594e-01 6.702557200538358240e-01 6.873678138819457883e-01 6.721784272255335591e-01 7.033262834070370673e-01 7.031340126898673049e-01 6.694866371851566633e-01 7.033262834070370673e-01 7.164006921745817991e-01 7.363968467602384216e-01 7.296673716592962933e-01 7.383195539319361567e-01 7.642761007498557468e-01 7.196692943664679820e-01 6.423764660642183877e-01 7.050567198615650399e-01 6.642953278215727453e-01 6.596808306094982255e-01 6.485291290136512288e-01
7.596616035377812270e-01 7.600461449721207519e-01 7.079407806191116981e-01 7.081330513362814605e-01 7.085175927706209853e-01 6.910209575081714961e-01 6.091136319938473820e-01 5.933474331859257545e-01 6.962122668717554141e-01 6.210344164583734283e-01 7.304364545279753429e-01 6.237262064987502130e-01 5.646990963276292685e-01 6.004614497212074076e-01 6.312247644683715020e-01 6.892905210536435234e-01 6.910209575081714961e-01 6.889059796193039986e-01 6.802537973466641352e-01 6.844837531243991302e-01 6.987117861949625475e-01
4.706787156316092902e-01 3.337819650067294641e-01 4.499134781772736180e-01 5.189386656412228183e-01 5.408575273985771759e-01 5.229763507017881619e-01 6.577581234378003794e-01 6.769851951547779523e-01 6.785233608921361625e-01 7.194770236492982196e-01 7.565852720630648065e-01 8.129205921938088553e-01 7.783118631032494017e-01 7.869640453758892651e-01 7.896558354162660498e-01 7.921553547394731831e-01 7.977312055373966260e-01 7.535089405883483860e-01 7.636992885983464596e-01 7.587002499519323040e-01 7.606229571236300391e-01
4.847144779850028895e-01 4.224187656219957621e-01 4.547202461065179557e-01 6.496827533166699142e-01 6.343010959430879225e-01 8.144587579311670655e-01 5.768121515093250773e-01 6.887137089021342362e-01 7.396654489521246045e-01 7.671601615074024050e-01 7.552393770428763586e-01 6.954431840030763645e-01 7.458181119015574456e-01 7.540857527398576732e-01 7.771582388002307162e-01 7.638915593155162220e-01 7.729282830224957213e-01 6.737165929628917693e-01 6.344933666602576849e-01 6.641030571044029829e-01 6.767929244376081899e-01
6.164199192462987975e-01 5.989232839838493083e-01 6.731397808113823711e-01 6.731397808113823711e-01 7.058258027302442006e-01 7.058258027302442006e-01 6.819842338011921079e-01 6.421841953470486253e-01 6.552586041145933571e-01 6.929436646798692312e-01 6.990963276293020723e-01 6.377619688521438679e-01 6.919823110940204192e-01 7.244760622957123752e-01 6.927513939626994688e-01 7.535089405883483860e-01 7.979234762545663884e-01 7.948471447798500789e-01 8.092674485675831475e-01 8.129205921938088553e-01 7.971543933858873388e-01
3.726206498750240237e-01 5.466256489136704921e-01 5.823880023072486312e-01 6.417996539127091005e-01 6.489136704479907536e-01 6.581426648721400152e-01 6.764083830032685540e-01 6.506441069025187263e-01 6.758315708517592668e-01 6.829455873870409199e-01 6.869832724476062635e-01 6.890982503364737610e-01 7.602384156892905143e-01 7.744664487598538205e-01 7.142857142857143016e-01 7.529321284368390987e-01 6.965968083060949390e-01 6.777542780234570019e-01 6.906364160738319713e-01 6.833301288213805558e-01 7.002499519323207577e-01
