5.606614112670640360e-01 7.629302057296674100e-01 7.379350124975966319e-01 7.379350124975966319e-01 7.379350124975966319e-01 7.379350124975966319e-01 7.379350124975966319e-01 7.379350124975966319e-01 7.379350124975966319e-01 7.658142664872139571e-01 7.571620842145740937e-01 7.596616035377812270e-01 7.723514708709863230e-01 7.527398577196693363e-01 7.517785041338204133e-01 7.775427802345702410e-01 7.777350509517400035e-01 7.825418188809843967e-01 8.088829071332436227e-01 8.084983656989040979e-01 7.906171890021149729e-01
7.681215150932513280e-01 3.555085560469140593e-01 5.714285714285713969e-01 7.852336089213612924e-01 8.098442607190924347e-01 8.063833878100364894e-01 8.067679292443761252e-01 8.067679292443761252e-01 8.084983656989040979e-01 7.494712555277831534e-01 7.479330897904249431e-01 7.836954431840030821e-01 7.961930398000384157e-01 7.777350509517400035e-01 7.883099403960777130e-01 7.736973658911747709e-01 7.990771005575850738e-01 8.179196308402230109e-01 8.636800615266294612e-01 8.742549509709671707e-01 8.794462603345510887e-01
6.385310517208229175e-01 7.015958469525090946e-01 7.048644491443952775e-01 6.967890790232647014e-01 7.115939242453374058e-01 7.946548740626802054e-01 7.636992885983464596e-01 7.885022111132474754e-01 6.812151509325129473e-01 7.710055758507978751e-01 7.765814266487214290e-01 7.790809459719284513e-01 7.950394154970198413e-01 7.950394154970198413e-01 7.950394154970198413e-01 7.950394154970198413e-01 8.052297635070179149e-01 7.902326475677754480e-01 8.054220342241876773e-01 8.519515477792731772e-01 8.579119400115362559e-01
6.789079023264756874e-01 4.001153624303018796e-01 6.175735435493174830e-01 4.768313785810421312e-01 5.975773889636608605e-01 7.114016535281676434e-01 7.635070178811766972e-01 7.619688521438184869e-01 7.767736973658911914e-01 7.581234378004230168e-01 7.638915593155162220e-01 7.617765814266487245e-01 7.711978465679677486e-01 7.711978465679677486e-01 7.362045760430686592e-01 7.342818688713709241e-01 7.650451836185349075e-01 7.529321284368390987e-01 8.008075370121130465e-01 7.950394154970198413e-01 7.988848298404153114e-01
6.044991347817727512e-01 6.940972889828879167e-01 7.050567198615650399e-01 6.894827917708132858e-01 7.048644491443952775e-01 7.081330513362814605e-01 6.948663718515669663e-01 6.981349740434531492e-01 6.981349740434531492e-01 6.981349740434531492e-01 6.981349740434531492e-01 6.981349740434531492e-01 6.981349740434531492e-01 6.981349740434531492e-01 6.981349740434531492e-01 6.981349740434531492e-01 6.981349740434531492e-01 7.736973658911747709e-01 7.512016919823111261e-01 7.692751393962699025e-01 7.692751393962699025e-01
2.445683522399538512e-01 7.192847529321284572e-01 7.281292059219380830e-01 7.363968467602384216e-01 7.206306479523169051e-01 7.262064987502403479e-01 7.262064987502403479e-01 7.262064987502403479e-01 7.262064987502403479e-01 7.262064987502403479e-01 7.262064987502403479e-01 7.033262834070370673e-01 7.033262834070370673e-01 7.033262834070370673e-01 7.033262834070370673e-01 7.033262834070370673e-01 7.033262834070370673e-01 7.033262834070370673e-01 7.033262834070370673e-01 7.033262834070370673e-01 7.033262834070370673e-01
5.773889636608344755e-01 4.289559700057681280e-01 6.598731013266679879e-01 7.598538742549509895e-01 7.671601615074024050e-01 7.702364929821188255e-01 7.919630840223034207e-01 7.863872332243799779e-01 7.838877139011728445e-01 7.838877139011728445e-01 7.838877139011728445e-01 7.523553162853297005e-01 7.696596808306095383e-01 7.761968852143819042e-01 7.623533935781580118e-01 7.819650067294751095e-01 7.821572774466448719e-01 7.702364929821188255e-01 7.879253989617380771e-01 7.973466641030571012e-01 8.061911170928667270e-01
5.991155547010190707e-01 3.612766775620073201e-01 6.889059796193039986e-01 4.485675831570851702e-01 6.919823110940204192e-01 4.827917708133051544e-01 7.079407806191116981e-01 7.512016919823111261e-01 7.423572389925013892e-01 7.727360123053258478e-01 7.625456642953277742e-01 7.911940011536242601e-01 8.073447413958854124e-01 8.046529513555085167e-01 7.910017304364544977e-01 7.919630840223034207e-01 7.919630840223034207e-01 7.973466641030571012e-01 7.958084983656988909e-01 8.136896750624880159e-01 8.509901941934243652e-01
6.148817535089405872e-01 7.106325706594885938e-01 7.235147087098634522e-01 7.223610844068448777e-01 7.221688136896751153e-01 7.221688136896751153e-01 7.221688136896751153e-01 7.221688136896751153e-01 7.221688136896751153e-01 7.221688136896751153e-01 7.221688136896751153e-01 7.221688136896751153e-01 7.221688136896751153e-01 7.221688136896751153e-01 7.221688136896751153e-01 7.221688136896751153e-01 7.221688136896751153e-01 7.221688136896751153e-01 7.221688136896751153e-01 7.221688136896751153e-01 7.221688136896751153e-01
7.200538358008075068e-01 3.128244568352239741e-01 5.508556046914054871e-01 7.035185541242068297e-01 7.175543164776004845e-01 7.250528744472216625e-01 7.250528744472216625e-01 7.250528744472216625e-01 7.250528744472216625e-01 7.250528744472216625e-01 7.050567198615650399e-01 7.325514324168429514e-01 7.325514324168429514e-01 7.229378965583541650e-01 7.304364545279753429e-01 7.325514324168429514e-01 7.292828302249567685e-01 7.333205152855220010e-01 7.196692943664679820e-01 7.075562391847721733e-01 7.223610844068448777e-01
4.991347817727360137e-01 7.600461449721207519e-01 7.483176312247644679e-01 7.915785425879638959e-01 7.596616035377812270e-01 8.146510286483368279e-01 7.842722553355123694e-01 7.910017304364544977e-01 8.009998077292828089e-01 8.190732551432416964e-01 8.394539511632378437e-01 8.394539511632378437e-01 8.394539511632378437e-01 8.415689290521053412e-01 8.432993655066333138e-01 8.431070947894635514e-01 8.536819842338011499e-01 8.663718515670063569e-01 8.563737742741780457e-01 8.492597577388963925e-01 8.327244760622957154e-01
6.448759853874255210e-01 7.423572389925013892e-01 7.287060180734473702e-01 7.281292059219380830e-01 7.281292059219380830e-01 7.281292059219380830e-01 7.281292059219380830e-01 7.281292059219380830e-01 7.281292059219380830e-01 7.281292059219380830e-01 7.281292059219380830e-01 7.033262834070370673e-01 7.310132666794847411e-01 7.310132666794847411e-01 7.629302057296674100e-01 7.629302057296674100e-01 7.510094212651413637e-01 7.708133051336281127e-01 7.761968852143819042e-01 7.767736973658911914e-01 7.635070178811766972e-01
5.473947317823495418e-01 7.098634877908094332e-01 6.442991732359161228e-01 7.219765429725052419e-01 7.429340511440107875e-01 7.346664103057104489e-01 7.340895981542011617e-01 7.200538358008075068e-01 7.200538358008075068e-01 7.200538358008075068e-01 7.200538358008075068e-01 7.200538358008075068e-01 7.200538358008075068e-01 7.200538358008075068e-01 7.200538358008075068e-01 7.033262834070370673e-01 7.033262834070370673e-01 7.033262834070370673e-01 7.033262834070370673e-01 7.033262834070370673e-01 7.279369352047683206e-01
4.691405498942510799e-01 7.425495097096712627e-01 7.465871947702364952e-01 7.588925206691020664e-01 7.479330897904249431e-01 7.467794654874062577e-01 7.475485483560854183e-01 7.475485483560854183e-01 7.475485483560854183e-01 7.131320899826956161e-01 6.973658911747740996e-01 7.223610844068448777e-01 7.796577581234378496e-01 7.777350509517400035e-01 7.777350509517400035e-01 7.688905979619303777e-01 7.079407806191116981e-01 7.671601615074024050e-01 7.933089790424918686e-01 7.950394154970198413e-01 7.765814266487214290e-01
7.096712170736396708e-01 7.435108632955200747e-01 7.377427417804268694e-01 7.387040953662756815e-01 7.387040953662756815e-01 7.387040953662756815e-01 7.387040953662756815e-01 7.387040953662756815e-01 7.387040953662756815e-01 7.387040953662756815e-01 7.387040953662756815e-01 7.387040953662756815e-01 7.387040953662756815e-01 7.387040953662756815e-01 7.387040953662756815e-01 7.387040953662756815e-01 7.387040953662756815e-01 7.387040953662756815e-01 7.387040953662756815e-01 7.387040953662756815e-01 7.387040953662756815e-01
5.189386656412228183e-01 7.329359738511824762e-01 7.373582003460873446e-01 7.358200346087291344e-01 7.358200346087291344e-01 7.358200346087291344e-01 7.358200346087291344e-01 7.358200346087291344e-01 7.358200346087291344e-01 7.358200346087291344e-01 7.358200346087291344e-01 7.358200346087291344e-01 7.437031340126898371e-01 6.400692174581811278e-01 6.992885983464718347e-01 7.660065372043837195e-01 7.921553547394731831e-01 7.781195923860796393e-01 7.992693712747548362e-01 8.019611613151317320e-01 7.775427802345702410e-01
7.596616035377812270e-01 7.512016919823111261e-01 7.485099019419342303e-01 7.813881945779658222e-01 7.452412997500480474e-01 7.383195539319361567e-01 7.385118246491059191e-01 7.565852720630648065e-01 7.500480676792924406e-01 7.629302057296674100e-01 7.727360123053258478e-01 8.336858296481446384e-01 8.450298019611612865e-01 8.448375312439915241e-01 8.446452605268217617e-01 8.609882714862526765e-01 8.388771390117285565e-01 8.671409344356854065e-01 8.581042107287060183e-01 8.494520284560661549e-01 8.246491059411651392e-01
4.031916939050182447e-01 7.033262834070370673e-01 7.292828302249567685e-01 7.454335704672178098e-01 7.204383772351470316e-01 7.777350509517400035e-01 7.719669294366467982e-01 7.908094597192847353e-01 7.886944818304172378e-01 8.088829071332436227e-01 7.888867525475870002e-01 7.652374543357046699e-01 7.973466641030571012e-01 8.027302441838107816e-01 8.033070563353201798e-01 8.040761392039992295e-01 7.975389348202268636e-01 7.896558354162660498e-01 8.002307248606037593e-01 8.100365314362623081e-01 8.050374927898481525e-01
6.189194385695058198e-01 7.610074985579696749e-01 7.417804268409921020e-01 7.387040953662756815e-01 7.387040953662756815e-01 7.387040953662756815e-01 7.387040953662756815e-01 7.387040953662756815e-01 7.387040953662756815e-01 7.387040953662756815e-01 7.785041338204191641e-01 7.488944433762737551e-01 7.488944433762737551e-01 7.471640069217457825e-01 7.758123437800422684e-01 7.348586810228802113e-01 7.642761007498557468e-01 8.102288021534320706e-01 8.125360507594693305e-01 7.956162276485291285e-01 7.721592001538165606e-01
6.164199192462987975e-01 7.114016535281676434e-01 6.050759469332820384e-01 7.515862334166506509e-01 7.861949625072101044e-01 7.896558354162660498e-01 8.113824264564506450e-01 8.490674870217266301e-01 7.235147087098634522e-01 7.979234762545663884e-01 8.288790617189002452e-01 8.594501057488944662e-01 8.534897135166313875e-01 8.606037300519130406e-01 8.383003268602191582e-01 8.413766583349355788e-01 8.106133435877715954e-01 8.402230340319168933e-01 8.481061334358777071e-01 8.971351663141703403e-01 9.144395308594500671e-01
4.858681022880215195e-01 7.587002499519323040e-01 7.504326091136319654e-01 7.481253605075947055e-01 7.481253605075947055e-01 7.481253605075947055e-01 7.481253605075947055e-01 7.481253605075947055e-01 7.481253605075947055e-01 7.481253605075947055e-01 7.481253605075947055e-01 7.481253605075947055e-01 7.481253605075947055e-01 7.475485483560854183e-01 7.475485483560854183e-01 7.077485099019419357e-01 7.577388963660834920e-01 7.815804652951355846e-01 7.771582388002307162e-01 7.588925206691020664e-01 7.271678523360891599e-01
