4.222160732952099926e-01 3.800344339912685165e-01 3.939310090389226970e-01 4.333148865522966076e-01 7.772243743466764609e-01 7.305232736887412592e-01 7.446350611818237653e-01 7.484781405644714836e-01 8.013589128697042874e-01 7.616368443706573732e-01 7.813134108098136466e-01 8.257086638381602173e-01 8.012974235995818928e-01 7.938264772797146707e-01 8.458156551681731417e-01 8.357314148681055377e-01 8.166082518600503715e-01 8.171616552911517006e-01 8.435712968087069052e-01 8.248785586915082790e-01 8.589128697042366367e-01
6.401340466088667469e-01 7.225604132078952135e-01 8.174998462768247043e-01 8.401586423169157269e-01 8.339789706696181248e-01 7.937957326446535289e-01 8.464305478693967544e-01 8.467072495849474745e-01 8.415421508946688833e-01 8.579597860173400203e-01 8.527946873270614292e-01 8.381909856730000996e-01 8.435405521736456524e-01 8.322265264711308230e-01 8.243558998954682027e-01 8.492283096599643200e-01 8.340097153046793776e-01 8.551927688618335965e-01 8.611264834286417313e-01 8.634015864231691095e-01 8.593432945950931767e-01
3.924860111910471461e-01 4.013712107237287219e-01 4.026932300313595392e-01 4.059521613478447866e-01 5.004919141609789346e-01 7.458955912193322435e-01 6.841911086515403140e-01 6.694336838221730535e-01 6.509869027854638945e-01 6.915083317961016052e-01 7.728893808030499191e-01 7.786386275594908701e-01 8.174998462768247043e-01 8.394207710754473251e-01 8.630941400725573587e-01 8.448318268462153835e-01 8.486749062288631018e-01 8.466457603148250799e-01 8.424644899465043579e-01 8.622332902908442787e-01 8.389288569144683905e-01
5.970608128881510490e-01 6.661440078706265533e-01 7.318452929963721321e-01 7.934267970239192724e-01 7.596384430916804931e-01 7.042058660763697020e-01 6.182131218102441261e-01 5.985058107360266000e-01 6.744758039722068554e-01 7.387320912500768832e-01 7.837114923445859249e-01 8.258316423784050064e-01 8.460923568837237507e-01 8.523027731660824946e-01 8.713029576338928717e-01 8.605115907274181186e-01 8.447703375760929889e-01 8.775133739162516155e-01 8.757301850827030609e-01 8.721945520506672045e-01 8.839082580089774321e-01
5.157105085162638769e-01 6.222099243681977754e-01 6.938756686958126307e-01 7.173953145176166224e-01 7.138904261206419077e-01 7.278484904384184828e-01 7.237287093402201554e-01 7.330135891286970740e-01 7.317530590911885957e-01 7.311381663899649830e-01 7.287708294902539574e-01 7.301235934329459720e-01 7.326753981430240703e-01 7.294164668265388229e-01 7.329213552235135376e-01 7.352886921232244521e-01 7.359958187296317123e-01 7.357806062842033867e-01 7.365492221607329304e-01 7.367029453360388613e-01 7.379634753735473396e-01
3.439402324294410507e-01 5.953698579597860308e-01 6.840988747463567776e-01 6.878804648588821014e-01 7.146282973621103096e-01 7.205620119289184444e-01 7.177642501383508788e-01 7.250199840127897755e-01 7.210846707249585208e-01 7.238516878804648336e-01 7.276947672631125519e-01 7.283404045993974174e-01 7.272335977371948701e-01 7.276025333579290155e-01 7.281251921539690919e-01 7.268646621164607247e-01 7.282174260591526282e-01 7.284018938695198120e-01 7.285556170448256319e-01 7.282174260591526282e-01 7.286171063149480265e-01
5.931562442353809361e-01 5.418127036832073307e-01 4.443829551743220807e-01 5.262866629773104155e-01 6.170755703129804370e-01 6.700793211584578080e-01 6.662977310459324842e-01 7.666482198856299224e-01 8.052019922523520057e-01 8.051097583471684693e-01 7.900448871671893469e-01 7.792227756256533411e-01 8.126729385722191168e-01 8.415114062596077416e-01 8.311197196089282757e-01 8.334563118735780485e-01 8.255241960277931446e-01 8.365615200147574759e-01 8.576215950316670167e-01 8.272458955912193046e-01 8.164545286847445515e-01
8.027116768123961910e-01 7.748877820820266882e-01 7.191785033511651770e-01 6.356760745249954159e-01 5.016909549283650183e-01 6.711861280206603553e-01 6.995326815470700454e-01 7.382094324540368069e-01 7.477710139580643345e-01 7.928426489577569125e-01 8.587898911639918476e-01 8.576215950316670167e-01 8.585439340835023803e-01 8.139027239746664533e-01 8.561458525487302129e-01 8.452007624669495289e-01 8.334255672385169067e-01 8.555002152124454584e-01 8.645083932853716568e-01 8.926089897312918797e-01 8.928549468117813470e-01
7.217917973313656699e-01 5.353563303203591195e-01 6.294041689725142774e-01 6.824079198179917594e-01 7.623747156121256641e-01 7.455266555985980981e-01 7.525364323925475274e-01 7.928119043226956597e-01 7.911824386644530360e-01 8.058476295886367602e-01 8.177458033573141716e-01 8.253704728524872136e-01 8.407120457480169451e-01 8.169771874807846279e-01 8.319498247555801029e-01 7.995449794010944800e-01 8.267847260653016228e-01 8.204820758777593426e-01 8.254934513927320028e-01 8.530406444075508965e-01 8.562380864539137493e-01
6.189202484166512752e-01 6.508946688802803582e-01 6.366291582118920322e-01 7.261882801451147174e-01 7.210231814548361262e-01 7.026071450531882201e-01 7.140441492959478387e-01 7.135522351349689041e-01 7.548730246571973002e-01 7.825431962122609830e-01 7.917050974604931124e-01 8.443399126852364489e-01 8.442169341449916597e-01 8.452622517370719235e-01 8.811719854885322611e-01 8.411117260038123433e-01 8.418495972452807452e-01 8.714566808091988026e-01 8.752997601918465209e-01 8.539937280944475129e-01 8.749308245711123755e-01
7.041443768062473074e-01 4.524687941954129156e-01 5.616737379327307877e-01 5.995203836930456109e-01 7.018692738117198182e-01 7.865707434052757741e-01 7.453729324232921671e-01 7.606530160486995040e-01 7.636659902846952841e-01 7.716903400356637244e-01 7.572403615569083257e-01 7.595154645514358149e-01 7.486011191047162727e-01 7.621287585316361968e-01 7.636659902846952841e-01 7.799299022320604902e-01 7.993605115907274072e-01 8.354239685174936758e-01 8.300129127467257284e-01 8.400971530467933324e-01 8.741007194244604372e-01
6.434544671954743889e-01 5.046424398942384038e-01 6.446535079628604725e-01 7.072188403123654821e-01 7.481706942138597327e-01 7.598844001721699604e-01 7.405152800836254379e-01 7.437434667650495435e-01 7.817438357006701866e-01 7.804218163930394248e-01 8.085531574740207894e-01 8.424030006763819634e-01 8.184836745987824624e-01 8.218655844555124990e-01 8.269691938756686955e-01 8.288446166144007865e-01 8.465227817745802907e-01 8.661378589436143915e-01 8.635860542335362933e-01 8.555617044825677420e-01 8.642009469347599060e-01
4.849351288200209331e-01 4.161593801881571797e-01 5.222283711492344827e-01 5.831334932054356157e-01 5.664084117321527279e-01 6.250384307938264827e-01 6.744450593371457137e-01 7.301543380680071138e-01 7.585316362294779458e-01 7.593002521060074894e-01 7.612986533849843696e-01 7.901986103424952779e-01 8.404045993974051942e-01 8.461538461538461453e-01 8.578060628420340894e-01 9.149295947857098987e-01 9.160364016479124460e-01 8.752997601918465209e-01 8.709340220131587262e-01 8.902109081965197124e-01 8.761913546086207427e-01
6.776425013835085664e-01 6.815163254012175376e-01 7.549652585623808365e-01 7.622824817069421277e-01 8.337022689540675158e-01 8.190063333948226498e-01 7.883231876037631869e-01 7.817745803357314394e-01 7.661870503597122406e-01 7.527823894730369947e-01 7.664330074402017079e-01 7.985611510791367218e-01 8.325647174568038267e-01 8.427719362971161088e-01 8.420955543257701015e-01 8.505810736026563346e-01 8.794195412900448483e-01 8.466457603148250799e-01 8.677058353317346207e-01 8.652155198917789169e-01 8.543934083502429111e-01
5.454713152554878652e-01 6.774580335731414937e-01 7.911824386644530360e-01 8.099366660517739458e-01 7.984381725388919326e-01 7.935497755641640616e-01 7.721515095615815172e-01 7.889688249400479414e-01 8.151632540121748205e-01 8.039107175797822746e-01 8.362233290290844723e-01 8.281989792781159210e-01 8.426182131218102889e-01 7.788845846399803374e-01 7.792535202607144829e-01 7.517678165160179837e-01 7.965934944352210945e-01 7.830351103732399176e-01 7.909364815839635687e-01 8.286601488040337138e-01 8.327184406321096466e-01
5.304986779806923902e-01 4.524073049252905210e-01 5.529730062104162291e-01 5.890979524073048923e-01 7.736579966795794627e-01 8.345938633708417376e-01 8.276148312119535611e-01 8.084916682038983948e-01 8.222652647113078972e-01 8.386521551989177814e-01 8.516571358297977401e-01 8.614646744143147350e-01 8.545163868904875892e-01 8.419725757855254233e-01 8.408657689233228760e-01 8.448625714812765253e-01 8.636782881387198296e-01 8.717948717948718063e-01 8.704728524872409334e-01 8.667220070097767515e-01 8.719178503351164844e-01
6.486810551558752636e-01 6.389350058414806632e-01 6.474820143884891799e-01 6.670970915575231697e-01 6.830228125192153721e-01 7.491852671708786326e-01 7.561642993297669202e-01 7.442968701961507616e-01 7.444198487363955508e-01 7.614831211953514423e-01 7.808829859189571065e-01 8.235872840189386590e-01 8.160855930640102951e-01 8.201131402570251971e-01 8.587898911639918476e-01 8.682899833978970916e-01 8.699809383262621099e-01 8.543011744450593747e-01 8.518416036401648128e-01 8.629404168972514277e-01 8.724097644960954190e-01
4.026009961261760028e-01 5.502059890549099164e-01 8.660456250384307442e-01 7.538277070651171474e-01 8.192215458402508643e-01 8.030191231630080528e-01 7.787308614646744065e-01 7.732275717887229227e-01 7.988993420648097254e-01 8.396052388858143978e-01 8.290598290598291120e-01 8.430178933776055761e-01 8.321650372010084284e-01 8.346553526409641321e-01 8.483367152431900982e-01 8.495357560105761818e-01 8.618336100350488804e-01 8.591895714197872458e-01 8.566685113447702893e-01 8.614339297792534822e-01 8.578368074770952312e-01
4.148373608805263624e-01 7.219455205066716008e-01 7.735350181393346736e-01 7.483551620242268054e-01 7.191785033511651770e-01 7.899219086269445578e-01 7.693230031359528098e-01 7.581627006087438003e-01 7.630203529484105296e-01 7.600381233474758913e-01 7.989300866998708672e-01 8.311504642439894175e-01 8.295209985857467938e-01 8.391440693598967160e-01 8.429564041074832925e-01 8.635245649634138987e-01 8.509192645883293382e-01 8.642316915698210478e-01 8.673061550759392224e-01 8.756686958125806663e-01 8.586669126237471694e-01
5.466703560228740599e-01 6.304802311996556829e-01 5.518354547131525401e-01 6.570743405275779603e-01 7.228678595585070754e-01 7.134600012297853677e-01 7.290167865707434247e-01 7.264649818606653264e-01 7.335977371948595449e-01 7.444505933714566925e-01 7.176105269630449479e-01 7.366722007009777196e-01 7.463875053803111781e-01 7.446658058168849070e-01 7.427596384430916743e-01 7.437742114001106852e-01 7.513681362602225855e-01 7.492775010760622800e-01 7.525056877574862746e-01 7.555801512636044492e-01 7.519215396913239147e-01
7.600996126175981749e-01 5.893131648527332178e-01 6.914160978909180688e-01 8.063395437496156948e-01 8.006210416282358855e-01 8.091373055401832604e-01 7.929348828629404489e-01 8.077845415974912457e-01 8.395744942507532560e-01 8.448625714812765253e-01 8.763450777839266737e-01 8.653384984320235951e-01 8.671216872655721497e-01 8.683822173030806280e-01 8.671216872655721497e-01 8.763450777839266737e-01 8.776363524564962937e-01 8.809260284080427938e-01 8.783127344278423010e-01 8.739777408842157591e-01 8.764373116891102100e-01
