3.351278600269179120e-01 3.383964622188040949e-01 3.482022687944625883e-01 7.387040953662756815e-01 5.962314939434724126e-01 7.069794270332628860e-01 7.317823495481637908e-01 7.317823495481637908e-01 7.654297250528744323e-01 7.631224764468371724e-01 7.815804652951355846e-01 7.502403383964622030e-01 7.656219957700441947e-01 7.698519515477793007e-01 7.560084599115555193e-01 8.236877523553163272e-01 7.908094597192847353e-01 7.629302057296674100e-01 7.510094212651413637e-01 7.502403383964622030e-01 7.829263603153239215e-01
6.629494328013842974e-01 7.715823880023072734e-01 7.308209959623149787e-01 5.831570851759276808e-01 7.371659296289174712e-01 7.777350509517400035e-01 7.017881176696788570e-01 7.285137473562776078e-01 7.033262834070370673e-01 7.594693328206114646e-01 7.494712555277831534e-01 7.660065372043837195e-01 7.813881945779658222e-01 7.675447029417419298e-01 7.300519130936358181e-01 7.164006921745817991e-01 7.836954431840030821e-01 8.031147856181503064e-01 7.900403768506056856e-01 7.913862718707941335e-01 8.036915977696597047e-01
6.373774274178042321e-01 6.808306094981734224e-01 7.198615650836377444e-01 7.004422226494905201e-01 6.933282061142087560e-01 6.994808690636415971e-01 7.002499519323207577e-01 7.021726591040184928e-01 7.048644491443952775e-01 7.050567198615650399e-01 7.056335320130744382e-01 7.065948855989232502e-01 7.075562391847721733e-01 7.083253220534512229e-01 7.096712170736396708e-01 7.089021342049606211e-01 7.108248413766583562e-01 7.100557585079791956e-01 7.096712170736396708e-01 7.173620457604307221e-01 7.346664103057104489e-01
6.021918861757353802e-01 7.029417419726975425e-01 6.300711401653528165e-01 7.519707748509901757e-01 7.971543933858873388e-01 7.811959238607959488e-01 7.169775043260910863e-01 7.556239184772158834e-01 7.200538358008075068e-01 7.096712170736396708e-01 8.109978850221111202e-01 4.879830801768890725e-01 6.942895597000576791e-01 5.800807537012112602e-01 8.290713324360700076e-01 6.794847144779849746e-01 7.931167083253221062e-01 6.304556815996923413e-01 7.142857142857143016e-01 6.000769082868678828e-01 5.664295327821572412e-01
6.046914054989425136e-01 6.929436646798692312e-01 7.192847529321284572e-01 7.294751009421265309e-01 7.133243606998653785e-01 7.206306479523169051e-01 7.292828302249567685e-01 7.269755816189193975e-01 7.304364545279753429e-01 7.306287252451452163e-01 7.308209959623149787e-01 7.312055373966545035e-01 7.304364545279753429e-01 7.287060180734473702e-01 7.302441838108055805e-01 7.317823495481637908e-01 7.338973274370312883e-01 7.329359738511824762e-01 7.358200346087291344e-01 7.344741395885406865e-01 7.352432224572197361e-01
6.702557200538358240e-01 2.439915400884445362e-01 5.873870409536627868e-01 6.544895212459141964e-01 6.925591232455297064e-01 6.996731397808113595e-01 7.027494712555277800e-01 6.990963276293020723e-01 7.012113055181695698e-01 6.960199961545856517e-01 7.021726591040184928e-01 6.971736204576043372e-01 7.027494712555277800e-01 7.056335320130744382e-01 7.079407806191116981e-01 7.083253220534512229e-01 7.090944049221303835e-01 7.092866756393001459e-01 7.087098634877908587e-01 7.096712170736396708e-01 7.102480292251489580e-01
5.770044222264949507e-01 6.604499134781772751e-01 6.766006537204384275e-01 6.908286867910017337e-01 7.083253220534512229e-01 7.129398192655258537e-01 7.189002114977889324e-01 7.165929628917515615e-01 7.179388579119400093e-01 7.173620457604307221e-01 7.164006921745817991e-01 7.200538358008075068e-01 7.200538358008075068e-01 7.192847529321284572e-01 7.190924822149586948e-01 7.196692943664679820e-01 7.308209959623149787e-01 6.954431840030763645e-01 7.423572389925013892e-01 7.387040953662756815e-01 7.319746202653335532e-01
4.699096327629301850e-01 6.196885214381849805e-01 5.473947317823495418e-01 7.021726591040184928e-01 7.000576812151508843e-01 7.033262834070370673e-01 7.025572005383580176e-01 7.021726591040184928e-01 7.031340126898673049e-01 5.739280907517785302e-01 5.522014997115939350e-01 5.448952124591425195e-01 5.423956931359353861e-01 5.493174389540472768e-01 5.356662180349932578e-01 5.395116323783887280e-01 5.489328975197077520e-01 5.514324168429147743e-01 5.543164776004614325e-01 5.614304941357430856e-01 5.498942511055566751e-01
6.073831955393194093e-01 6.423764660642183877e-01 6.279561622764853190e-01 6.364160738319554200e-01 7.287060180734473702e-01 6.979427033262833868e-01 7.435108632955200747e-01 6.992885983464718347e-01 7.744664487598538205e-01 7.700442222649490631e-01 7.562007306287252817e-01 7.567775427802345689e-01 7.744664487598538205e-01 7.225533551240146402e-01 7.902326475677754480e-01 7.946548740626802054e-01 7.913862718707941335e-01 7.925398961738127079e-01 7.836954431840030821e-01 7.765814266487214290e-01 7.833109017496635573e-01
4.526052682176504582e-01 4.339550086521822836e-01 4.441453566621803573e-01 4.381849644299173341e-01 4.356854451067102563e-01 4.370313401268986486e-01 4.358777158238800187e-01 4.381849644299173341e-01 4.395308594501057264e-01 4.397231301672755444e-01 4.385695058642568589e-01 4.389540472985964392e-01 4.402999423187848316e-01 4.397231301672755444e-01 4.389540472985964392e-01 4.401076716016150692e-01 4.401076716016150692e-01 4.399154008844453068e-01 4.402999423187848316e-01 4.402999423187848316e-01 4.404922130359546495e-01
5.410497981157469383e-01 4.804845222072678390e-01 5.043260911363199872e-01 5.297058258027302902e-01 5.404729859642376510e-01 5.791194001153624482e-01 6.358392616804460218e-01 6.629494328013842974e-01 7.463949240530667328e-01 7.767736973658911914e-01 7.035185541242068297e-01 7.481253605075947055e-01 7.215920015381657171e-01 7.421649682753316268e-01 7.302441838108055805e-01 7.473562776389155449e-01 7.702364929821188255e-01 7.675447029417419298e-01 7.858104210728705796e-01 8.317631224764467923e-01 7.685060565275908528e-01
6.089213612766775086e-01 6.641030571044029829e-01 7.398577196692943669e-01 7.021726591040184928e-01 7.481253605075947055e-01 7.108248413766583562e-01 7.781195923860796393e-01 8.317631224764467923e-01 8.109978850221111202e-01 8.258027302441838247e-01 8.058065756585272021e-01 7.913862718707941335e-01 7.840799846183426070e-01 7.761968852143819042e-01 7.921553547394731831e-01 7.996539127090943611e-01 7.823495481638146343e-01 8.308017688905979803e-01 8.202268794462603818e-01 8.494520284560661549e-01 8.423380119207845018e-01
5.145164391463180609e-01 5.914247260142280194e-01 5.702749471255528224e-01 6.471832339934627809e-01 6.829455873870409199e-01 6.992885983464718347e-01 6.979427033262833868e-01 7.002499519323207577e-01 7.046721784272255151e-01 7.083253220534512229e-01 7.064026148817534878e-01 7.039030955585464655e-01 7.040953662757162279e-01 7.056335320130744382e-01 7.067871563160930126e-01 7.075562391847721733e-01 7.085175927706209853e-01 7.079407806191116981e-01 7.083253220534512229e-01 7.100557585079791956e-01 7.089021342049606211e-01
5.335512401461257603e-01 5.977696596808306229e-01 6.871755431647760259e-01 6.489136704479907536e-01 6.248798308017688985e-01 7.290905595077870061e-01 6.766006537204384275e-01 7.014035762353393322e-01 7.121707363968468041e-01 7.058258027302442006e-01 6.383387810036531551e-01 6.842914824072293678e-01 6.564122284176120425e-01 6.437223610844068356e-01 6.629494328013842974e-01 6.558354162661026443e-01 6.798692559123244994e-01 6.915977696596807833e-01 7.417804268409921020e-01 7.519707748509901757e-01 7.925398961738127079e-01
7.096712170736396708e-01 6.487213997308209912e-01 7.310132666794847411e-01 7.979234762545663884e-01 5.337435108632955227e-01 5.766198807921553149e-01 6.815996923668525831e-01 7.815804652951355846e-01 8.079215535473946996e-01 8.186887137089021715e-01 8.121515093251298056e-01 8.088829071332436227e-01 8.277254374158815597e-01 8.384925975773889206e-01 8.273408959815420349e-01 7.902326475677754480e-01 7.913862718707941335e-01 7.773505095174004786e-01 8.159969236685252758e-01 8.294558738704095324e-01 8.531051720822918627e-01
5.193232070755623431e-01 6.004614497212074076e-01 5.802730244183811337e-01 5.908479138627187321e-01 4.791386271870793911e-01 6.054604883676215632e-01 6.885214381849644738e-01 5.643145548932897437e-01 6.146894827917708248e-01 6.183426264179965326e-01 6.256489136704479481e-01 6.260334551047875840e-01 6.467986925591232561e-01 6.808306094981734224e-01 6.940972889828879167e-01 7.035185541242068297e-01 6.006537204383772810e-01 6.004614497212074076e-01 6.460296096904440954e-01 6.068063833878100111e-01 6.248798308017688985e-01
7.594693328206114646e-01 6.725629686598730839e-01 6.675639300134589282e-01 6.731397808113823711e-01 6.950586425687367287e-01 8.213805037492789562e-01 4.679869255912324499e-01 8.209959623149394314e-01 5.433570467217843092e-01 5.656604499134781916e-01 5.056719861565083241e-01 5.210536435300903157e-01 5.339357815804652851e-01 5.812343780042299457e-01 5.745049029032878174e-01 5.862334166506441013e-01 5.818111901557392329e-01 5.889252066910209971e-01 5.991155547010190707e-01 5.814266487213997081e-01 7.037108248413767031e-01
4.706787156316092902e-01 4.645260526821765046e-01 4.664487598538742397e-01 4.626033455104787695e-01 4.666410305710440576e-01 4.668333012882138200e-01 4.641415112478369798e-01 4.637569698134973994e-01 4.670255720053835824e-01 4.697173620457604226e-01 4.704864449144395278e-01 4.710632570659488705e-01 4.800999807729282587e-01 4.779850028840607612e-01 4.814458757931167066e-01 5.033647375504710642e-01 5.266294943280138696e-01 5.287444722168813671e-01 6.502595654681792015e-01 7.277446644875985582e-01 7.115939242453374058e-01
4.872139973082099673e-01 5.089405883483945070e-01 5.920015381657373066e-01 6.956354547202461269e-01 6.308402230340318662e-01 7.062103441645837254e-01 6.979427033262833868e-01 7.027494712555277800e-01 7.142857142857143016e-01 7.067871563160930126e-01 7.058258027302442006e-01 7.064026148817534878e-01 7.071716977504326485e-01 7.102480292251489580e-01 7.060180734474139630e-01 7.058258027302442006e-01 7.073639684676024109e-01 7.062103441645837254e-01 7.065948855989232502e-01 7.073639684676024109e-01 7.075562391847721733e-01
6.162276485291290351e-01 6.877523553162853132e-01 5.727744664487598447e-01 6.502595654681792015e-01 6.989040569121323099e-01 6.967890790232647014e-01 6.944818304172274415e-01 6.960199961545856517e-01 6.933282061142087560e-01 6.935204768313786294e-01 6.935204768313786294e-01 6.937127475485483918e-01 6.925591232455297064e-01 6.927513939626994688e-01 6.931359353970389936e-01 6.939050182657181542e-01 6.944818304172274415e-01 6.946741011343972039e-01 6.950586425687367287e-01 6.956354547202461269e-01 6.956354547202461269e-01
3.680061526629494484e-01 5.689290521053643745e-01 3.864641415112478606e-01 5.502787925398961999e-01 4.001153624303018796e-01 5.883483945395115988e-01 5.177850413382042438e-01 5.500865218227264375e-01 4.551047875408575361e-01 6.710248029225148736e-01 6.929436646798692312e-01 7.135166314170351409e-01 7.471640069217457825e-01 7.504326091136319654e-01 7.883099403960777130e-01 7.556239184772158834e-01 7.725437415881560854e-01 8.098442607190924347e-01 8.183041722745625357e-01 8.202268794462603818e-01 8.261872716785233495e-01
