5.606614112670640360e-01 7.738896366083445333e-01 7.498557969621226782e-01 7.371659296289174712e-01 7.300519130936358181e-01 7.271678523360891599e-01 7.248606037300519001e-01 7.960007690828686533e-01 8.125360507594693305e-01 8.131128629109786177e-01 8.398384925975773685e-01 8.469525091328590216e-01 8.632955200922899364e-01 8.179196308402230109e-01 8.179196308402230109e-01 8.179196308402230109e-01 8.177273601230532485e-01 8.175350894058834861e-01 8.025379734666410192e-01 8.348394539511632129e-01 8.283022495673908470e-01
7.681215150932513280e-01 7.513939626994808885e-01 7.421649682753316268e-01 7.283214766391078454e-01 7.212074601038261923e-01 7.950394154970198413e-01 7.931167083253221062e-01 7.875408575273985523e-01 7.863872332243799779e-01 8.034993270524899422e-01 7.900403768506056856e-01 7.986925591232455490e-01 8.000384541434339969e-01 8.344549125168236881e-01 8.509901941934243652e-01 8.509901941934243652e-01 7.827340895981541591e-01 7.546625648913670714e-01 7.546625648913670714e-01 7.313978081138242660e-01 7.304364545279753429e-01
6.385310517208229175e-01 7.015958469525090946e-01 5.641222841761199813e-01 5.420111517015958613e-01 5.779657758123437628e-01 7.465871947702364952e-01 7.633147471640069348e-01 7.621611228609882494e-01 7.573543549317438561e-01 7.660065372043837195e-01 7.640838300326859844e-01 7.677369736589118032e-01 7.967698519515478139e-01 8.090751778504133851e-01 8.061911170928667270e-01 8.061911170928667270e-01 7.777350509517400035e-01 7.917708133051336583e-01 7.808113824264564240e-01 7.808113824264564240e-01 7.604306864064602767e-01
6.789079023264756874e-01 7.237069794270332146e-01 7.250528744472216625e-01 7.250528744472216625e-01 7.246683330128821376e-01 7.242837915785426128e-01 7.583157085175927792e-01 7.631224764468371724e-01 7.706210344164583503e-01 7.671601615074024050e-01 7.556239184772158834e-01 7.562007306287252817e-01 7.558161891943856459e-01 7.611997692751394373e-01 7.608152278407998015e-01 7.773505095174004786e-01 8.027302441838107816e-01 7.548548356085368338e-01 7.548548356085368338e-01 7.540857527398576732e-01 7.540857527398576732e-01
6.044991347817727512e-01 6.954431840030763645e-01 7.110171120938281186e-01 7.206306479523169051e-01 7.263987694674101103e-01 7.304364545279753429e-01 7.408190732551432900e-01 7.412036146894828148e-01 7.446644875985387602e-01 7.602384156892905143e-01 7.629302057296674100e-01 7.598538742549509895e-01 8.194577965775812212e-01 8.336858296481446384e-01 8.325322053451259530e-01 8.296481445875792948e-01 8.075370121130551748e-01 8.363776196885214231e-01 8.361853489713516607e-01 8.459911555470102096e-01 8.365698904056911855e-01
2.445683522399538512e-01 7.185156700634492966e-01 4.139588540665256611e-01 7.021726591040184928e-01 6.631417035185541708e-01 7.267833109017496351e-01 7.631224764468371724e-01 7.758123437800422684e-01 7.629302057296674100e-01 8.079215535473946996e-01 7.975389348202268636e-01 7.915785425879638959e-01 7.865795039415497403e-01 7.408190732551432900e-01 7.212074601038261923e-01 7.187079407806190590e-01 7.354354931743894985e-01 7.635070178811766972e-01 7.635070178811766972e-01 7.635070178811766972e-01 7.635070178811766972e-01
5.773889636608344755e-01 7.210151893866564299e-01 7.160161507402422743e-01 7.139011728513747768e-01 7.129398192655258537e-01 7.121707363968468041e-01 7.114016535281676434e-01 7.087098634877908587e-01 7.069794270332628860e-01 7.071716977504326485e-01 7.071716977504326485e-01 7.079407806191116981e-01 7.092866756393001459e-01 7.092866756393001459e-01 7.269755816189193975e-01 7.702364929821188255e-01 7.685060565275908528e-01 7.560084599115555193e-01 7.560084599115555193e-01 7.558161891943856459e-01 7.558161891943856459e-01
5.991155547010190707e-01 7.229378965583541650e-01 5.927706210344164672e-01 6.767929244376081899e-01 7.340895981542011617e-01 7.485099019419342303e-01 7.471640069217457825e-01 7.471640069217457825e-01 7.312055373966545035e-01 7.204383772351470316e-01 7.356277638915592609e-01 7.087098634877908587e-01 7.087098634877908587e-01 7.085175927706209853e-01 7.085175927706209853e-01 7.212074601038261923e-01 8.038838684868294671e-01 8.067679292443761252e-01 7.861949625072101044e-01 7.863872332243799779e-01 7.861949625072101044e-01
6.148817535089405872e-01 3.958854066525668292e-01 5.693135935397038994e-01 7.071716977504326485e-01 7.375504710632571070e-01 7.377427417804268694e-01 7.444722168813689978e-01 7.404345318208036542e-01 7.667756200730628802e-01 7.956162276485291285e-01 7.525475870024995739e-01 7.498557969621226782e-01 7.427417804268410251e-01 8.059988463756969646e-01 8.204191501634301442e-01 8.025379734666410192e-01 8.027302441838107816e-01 8.027302441838107816e-01 7.936935204768313934e-01 7.911940011536242601e-01 8.211882330321091938e-01
7.200538358008075068e-01 7.585079792347625416e-01 6.239184772159199754e-01 8.069601999615458876e-01 7.940780619111709182e-01 8.000384541434339969e-01 7.954239569313593661e-01 7.777350509517400035e-01 7.915785425879638959e-01 8.229186694866371665e-01 8.204191501634301442e-01 8.092674485675831475e-01 8.406075754662565291e-01 8.465679676985194968e-01 8.479138627187079447e-01 8.640646029609690970e-01 8.436839069409728387e-01 8.509901941934243652e-01 8.509901941934243652e-01 9.057873485868102037e-01 9.140549894251105423e-01
4.991347817727360137e-01 3.633916554508748176e-01 7.156316093059027494e-01 5.781580465295135252e-01 7.054412612959046758e-01 8.071524706787156500e-01 7.671601615074024050e-01 8.115746971736204074e-01 8.213805037492789562e-01 8.250336473755046640e-01 8.034993270524899422e-01 7.886944818304172378e-01 7.679292443760815656e-01 7.658142664872139571e-01 7.990771005575850738e-01 8.111901557392808826e-01 8.111901557392808826e-01 8.165737358200345630e-01 8.411843876177658164e-01 8.275331666987117973e-01 8.573351278600269687e-01
6.448759853874255210e-01 3.633916554508748176e-01 5.650836377619689044e-01 7.673524322245721674e-01 7.669678907902326426e-01 7.562007306287252817e-01 7.506248798308017278e-01 7.377427417804268694e-01 7.604306864064602767e-01 7.444722168813689978e-01 7.538934820226879108e-01 7.490867140934435175e-01 7.488944433762737551e-01 7.342818688713709241e-01 7.711978465679677486e-01 7.711978465679677486e-01 7.613920399923091997e-01 7.606229571236300391e-01 7.606229571236300391e-01 7.956162276485291285e-01 7.844645260526821318e-01
5.473947317823495418e-01 7.083253220534512229e-01 7.273601230532590334e-01 7.248606037300519001e-01 7.210151893866564299e-01 7.540857527398576732e-01 7.513939626994808885e-01 7.410113439723130524e-01 7.404345318208036542e-01 7.986925591232455490e-01 7.790809459719284513e-01 7.788886752547586889e-01 7.725437415881560854e-01 7.706210344164583503e-01 7.758123437800422684e-01 7.733128244568352461e-01 7.885022111132474754e-01 7.890790232647567626e-01 7.892712939819265250e-01 8.386848682945587941e-01 8.358008075370121359e-01
4.691405498942510799e-01 7.398577196692943669e-01 7.490867140934435175e-01 7.454335704672178098e-01 7.585079792347625416e-01 7.621611228609882494e-01 7.602384156892905143e-01 7.542780234570275466e-01 7.410113439723130524e-01 7.385118246491059191e-01 7.263987694674101103e-01 7.221688136896751153e-01 7.210151893866564299e-01 7.054412612959046758e-01 7.056335320130744382e-01 7.212074601038261923e-01 7.212074601038261923e-01 7.215920015381657171e-01 7.644683714670256203e-01 7.644683714670256203e-01 7.629302057296674100e-01
7.096712170736396708e-01 7.440876754470293619e-01 7.371659296289174712e-01 7.325514324168429514e-01 7.300519130936358181e-01 7.231301672755239274e-01 7.398577196692943669e-01 7.765814266487214290e-01 7.746587194770236939e-01 7.636992885983464596e-01 7.617765814266487245e-01 7.608152278407998015e-01 7.685060565275908528e-01 7.715823880023072734e-01 7.617765814266487245e-01 8.115746971736204074e-01 8.173428186887137237e-01 8.398384925975773685e-01 8.388771390117285565e-01 8.302249567390885820e-01 8.304172274562584555e-01
5.189386656412228183e-01 7.254374158815611873e-01 7.256296865987310607e-01 7.215920015381657171e-01 7.229378965583541650e-01 7.204383772351470316e-01 7.142857142857143016e-01 7.367813881945779464e-01 7.340895981542011617e-01 7.344741395885406865e-01 7.475485483560854183e-01 7.460103826187272080e-01 7.885022111132474754e-01 7.886944818304172378e-01 8.215727744664487187e-01 8.279177081330513222e-01 8.265718131128628743e-01 8.273408959815420349e-01 8.273408959815420349e-01 8.552201499711593602e-01 8.542587963853105482e-01
7.596616035377812270e-01 7.512016919823111261e-01 7.473562776389155449e-01 7.429340511440107875e-01 7.400499903864641293e-01 7.990771005575850738e-01 8.046529513555085167e-01 8.067679292443761252e-01 8.046529513555085167e-01 8.029225149009805440e-01 7.298596423764660557e-01 7.427417804268410251e-01 7.952316862141896037e-01 7.958084983656988909e-01 7.900403768506056856e-01 8.050374927898481525e-01 8.050374927898481525e-01 8.050374927898481525e-01 7.994616419919245986e-01 8.040761392039992295e-01 8.040761392039992295e-01
4.031916939050182447e-01 2.966737165929628772e-01 5.598923283983848753e-01 3.235916169967313905e-01 6.542972505287444340e-01 7.440876754470293619e-01 7.404345318208036542e-01 7.281292059219380830e-01 7.213997308209959547e-01 7.727360123053258478e-01 8.334935589309747650e-01 7.956162276485291285e-01 8.540665256681407858e-01 8.350317246683329753e-01 8.329167467794654778e-01 8.331090174966352402e-01 8.331090174966352402e-01 8.056143049413574397e-01 8.050374927898481525e-01 8.161891943856950382e-01 8.500288406075754422e-01
6.189194385695058198e-01 3.587771582388002423e-01 6.706402614881753488e-01 8.008075370121130465e-01 7.810036531436261864e-01 8.475293212843684199e-01 8.431070947894635514e-01 7.898481061334359232e-01 7.786964045375889265e-01 7.690828686791001401e-01 7.477408190732551807e-01 7.638915593155162220e-01 8.384925975773889206e-01 8.361853489713516607e-01 8.067679292443761252e-01 8.067679292443761252e-01 8.361853489713516607e-01 8.654104979811574339e-01 8.823303210920976358e-01 8.973274370313401027e-01 8.973274370313401027e-01
6.164199192462987975e-01 7.114016535281676434e-01 7.271678523360891599e-01 7.377427417804268694e-01 7.337050567198615258e-01 7.310132666794847411e-01 7.521630455681599381e-01 7.562007306287252817e-01 7.556239184772158834e-01 7.554316477600461210e-01 7.492789848106133910e-01 7.492789848106133910e-01 7.494712555277831534e-01 7.942703326283406806e-01 7.950394154970198413e-01 7.948471447798500789e-01 8.542587963853105482e-01 8.250336473755046640e-01 8.250336473755046640e-01 8.202268794462603818e-01 7.911940011536242601e-01
4.858681022880215195e-01 7.594693328206114646e-01 7.531243991540088611e-01 7.423572389925013892e-01 7.315900788309940284e-01 7.240915208613728504e-01 7.217842722553354795e-01 7.400499903864641293e-01 7.250528744472216625e-01 7.142857142857143016e-01 7.131320899826956161e-01 7.129398192655258537e-01 7.233224379926936898e-01 7.892712939819265250e-01 7.892712939819265250e-01 7.750432609113632187e-01 7.781195923860796393e-01 7.848490674870217676e-01 8.165737358200345630e-01 8.165737358200345630e-01 8.167660065372044365e-01
