5.606614112670640360e-01 7.738896366083445333e-01 7.498557969621226782e-01 7.369736589117477088e-01 7.300519130936358181e-01 7.167852336089213239e-01 7.144779850028840640e-01 7.277446644875985582e-01 7.246683330128821376e-01 7.369736589117477088e-01 7.346664103057104489e-01 7.911940011536242601e-01 7.875408575273985523e-01 7.515862334166506509e-01 7.052489905787349134e-01 7.064026148817534878e-01 7.064026148817534878e-01 7.054412612959046758e-01 7.054412612959046758e-01 7.487021726591039927e-01 7.506248798308017278e-01
7.681215150932513280e-01 7.513939626994808885e-01 7.421649682753316268e-01 7.283214766391078454e-01 7.212074601038261923e-01 7.185156700634492966e-01 7.846567967698520052e-01 7.454335704672178098e-01 7.671601615074024050e-01 7.658142664872139571e-01 7.829263603153239215e-01 7.827340895981541591e-01 7.817727360123053471e-01 7.817727360123053471e-01 7.465871947702364952e-01 8.040761392039992295e-01 8.782926360315324033e-01 8.782926360315324033e-01 8.782926360315324033e-01 8.756008459911555075e-01 8.627187079407806491e-01
6.385310517208229175e-01 7.015958469525090946e-01 7.044799077100557527e-01 7.363968467602384216e-01 6.637185156700634581e-01 7.694674101134397759e-01 7.985002884060757866e-01 8.077292828302249372e-01 7.833109017496635573e-01 7.808113824264564240e-01 7.938857911940011558e-01 7.840799846183426070e-01 8.033070563353201798e-01 8.506056527590848404e-01 8.471447798500288950e-01 8.492597577388963925e-01 8.504133820419149670e-01 8.392616804460680813e-01 8.425302826379542642e-01 8.675254758700250424e-01 8.838684868294558461e-01
6.789079023264756874e-01 7.237069794270332146e-01 7.252451451643914249e-01 6.946741011343972039e-01 6.043068640646029888e-01 6.914054989425110209e-01 7.579311670832532544e-01 7.462026533358969704e-01 7.525475870024995739e-01 7.567775427802345689e-01 7.604306864064602767e-01 7.425495097096712627e-01 7.679292443760815656e-01 7.686983272447606153e-01 7.785041338204191641e-01 8.134974043453182535e-01 8.238800230724860896e-01 8.265718131128628743e-01 8.467602384156892592e-01 8.463756969813497344e-01 8.440684483753124745e-01
6.044991347817727512e-01 6.954431840030763645e-01 4.726014228033070808e-01 6.921745818111901816e-01 7.085175927706209853e-01 7.275523937704287958e-01 7.304364545279753429e-01 7.327437031340127138e-01 7.340895981542011617e-01 7.348586810228802113e-01 7.350509517400499737e-01 7.340895981542011617e-01 7.340895981542011617e-01 7.477408190732551807e-01 7.477408190732551807e-01 7.240915208613728504e-01 7.240915208613728504e-01 7.246683330128821376e-01 7.246683330128821376e-01 7.560084599115555193e-01 7.560084599115555193e-01
2.445683522399538512e-01 7.185156700634492966e-01 4.449144395308594624e-01 6.831378581042106823e-01 7.288982887906172436e-01 7.017881176696788570e-01 7.367813881945779464e-01 7.467794654874062577e-01 7.410113439723130524e-01 7.413958854066525772e-01 7.548548356085368338e-01 7.896558354162660498e-01 7.896558354162660498e-01 7.896558354162660498e-01 7.888867525475870002e-01 8.479138627187079447e-01 8.442607190924822369e-01 8.667563930013458817e-01 8.667563930013458817e-01 8.894443376273794000e-01 8.892520669102095265e-01
5.773889636608344755e-01 4.335704672178427033e-01 5.921938088829071800e-01 7.302441838108055805e-01 6.169967313978080847e-01 7.383195539319361567e-01 7.348586810228802113e-01 7.298596423764660557e-01 7.421649682753316268e-01 7.363968467602384216e-01 7.681215150932513280e-01 7.681215150932513280e-01 7.794654874062679761e-01 7.794654874062679761e-01 7.735050951740050085e-01 7.696596808306095383e-01 7.956162276485291285e-01 8.034993270524899422e-01 8.694481830417227775e-01 8.694481830417227775e-01 8.459911555470102096e-01
5.991155547010190707e-01 7.263987694674101103e-01 5.789271293981926858e-01 4.387617765814266213e-01 6.644875985387425077e-01 7.254374158815611873e-01 7.521630455681599381e-01 7.562007306287252817e-01 7.658142664872139571e-01 7.706210344164583503e-01 7.723514708709863230e-01 7.936935204768313934e-01 7.679292443760815656e-01 8.161891943856950382e-01 8.088829071332436227e-01 8.088829071332436227e-01 8.048452220726782791e-01 7.883099403960777130e-01 7.883099403960777130e-01 7.492789848106133910e-01 7.492789848106133910e-01
6.148817535089405872e-01 3.941549701980388565e-01 5.322053451259373125e-01 4.652951355508556097e-01 5.143241684291481874e-01 7.181311286291097717e-01 7.494712555277831534e-01 7.452412997500480474e-01 7.621611228609882494e-01 8.223418573351278793e-01 8.502211113247452046e-01 8.146510286483368279e-01 8.261872716785233495e-01 8.242645645068256144e-01 8.092674485675831475e-01 8.131128629109786177e-01 8.131128629109786177e-01 8.190732551432416964e-01 8.600269179004037534e-01 8.600269179004037534e-01 8.592578350317247038e-01
7.200538358008075068e-01 3.128244568352239741e-01 6.166121899634685599e-01 8.011920784464525713e-01 7.958084983656988909e-01 8.009998077292828089e-01 7.942703326283406806e-01 7.815804652951355846e-01 7.729282830224957213e-01 7.850413382041915300e-01 7.781195923860796393e-01 7.608152278407998015e-01 8.358008075370121359e-01 8.315708517592770299e-01 8.190732551432416964e-01 8.150355700826764638e-01 7.986925591232455490e-01 7.986925591232455490e-01 8.144587579311670655e-01 8.144587579311670655e-01 8.346471832339934505e-01
4.991347817727360137e-01 3.633916554508748176e-01 7.052489905787349134e-01 7.706210344164583503e-01 7.613920399923091997e-01 6.717938857911940342e-01 7.587002499519323040e-01 8.242645645068256144e-01 8.452220726783310489e-01 8.448375312439915241e-01 8.034993270524899422e-01 7.954239569313593661e-01 7.613920399923091997e-01 7.606229571236300391e-01 7.992693712747548362e-01 7.992693712747548362e-01 7.983080176889060242e-01 7.452412997500480474e-01 7.452412997500480474e-01 8.119592386079600432e-01 8.027302441838107816e-01
6.448759853874255210e-01 7.438954047298595995e-01 7.327437031340127138e-01 7.267833109017496351e-01 7.225533551240146402e-01 7.838877139011728445e-01 7.800422995577773744e-01 7.452412997500480474e-01 7.711978465679677486e-01 7.688905979619303777e-01 7.477408190732551807e-01 7.467794654874062577e-01 7.281292059219380830e-01 7.479330897904249431e-01 7.454335704672178098e-01 7.454335704672178098e-01 7.135166314170351409e-01 7.135166314170351409e-01 7.135166314170351409e-01 7.123630071140165665e-01 7.092866756393001459e-01
5.473947317823495418e-01 7.083253220534512229e-01 5.050951740049990368e-01 6.808306094981734224e-01 6.394924053066718406e-01 6.212266871755431907e-01 5.704672178427225848e-01 6.327629302057297123e-01 6.698711786194962992e-01 7.473562776389155449e-01 8.042684099211689919e-01 8.463756969813497344e-01 8.807921553547394256e-01 8.925206691020957095e-01 8.932897519707748701e-01 8.521438184964429396e-01 8.521438184964429396e-01 8.379157854258796334e-01 8.469525091328590216e-01 8.427225533551240266e-01 8.431070947894635514e-01
4.691405498942510799e-01 7.427417804268410251e-01 6.594885598923283521e-01 7.412036146894828148e-01 7.640838300326859844e-01 7.729282830224957213e-01 7.658142664872139571e-01 7.317823495481637908e-01 7.585079792347625416e-01 7.537012113055181484e-01 7.654297250528744323e-01 7.383195539319361567e-01 7.373582003460873446e-01 7.358200346087291344e-01 8.067679292443761252e-01 7.877331282445683147e-01 7.877331282445683147e-01 8.240722937896558520e-01 8.140742164968275407e-01 8.444529898096519993e-01 8.444529898096519993e-01
7.096712170736396708e-01 7.437031340126898371e-01 6.875600845991155508e-01 5.172082291866948456e-01 4.704864449144395278e-01 6.331474716400692371e-01 7.550471063257065962e-01 8.236877523553163272e-01 8.265718131128628743e-01 8.213805037492789562e-01 8.250336473755046640e-01 8.142664872139973031e-01 8.100365314362623081e-01 8.081138242645644620e-01 8.081138242645644620e-01 8.227263987694674041e-01 7.973466641030571012e-01 8.354162661026726111e-01 8.636800615266294612e-01 8.767544702941741930e-01 8.804076139203999007e-01
5.189386656412228183e-01 3.701211305518169459e-01 3.587771582388002423e-01 4.468371467025571975e-01 6.539127090944049092e-01 7.292828302249567685e-01 7.450490290328782850e-01 7.794654874062679761e-01 7.765814266487214290e-01 7.946548740626802054e-01 7.942703326283406806e-01 8.063833878100364894e-01 8.059988463756969646e-01 8.281099788502210846e-01 8.617573543549317261e-01 8.617573543549317261e-01 8.515670063449336524e-01 8.465679676985194968e-01 8.077292828302249372e-01 8.077292828302249372e-01 8.092674485675831475e-01
7.596616035377812270e-01 7.512016919823111261e-01 7.473562776389155449e-01 7.694674101134397759e-01 7.783118631032494017e-01 7.506248798308017278e-01 7.587002499519323040e-01 7.817727360123053471e-01 7.692751393962699025e-01 7.721592001538165606e-01 7.752355316285329812e-01 8.200346087290905084e-01 7.269755816189193975e-01 7.294751009421265309e-01 7.498557969621226782e-01 8.742549509709671707e-01 8.704095366275715895e-01 8.419534704864448660e-01 8.329167467794654778e-01 8.521438184964429396e-01 8.642568736781388594e-01
4.031916939050182447e-01 2.966737165929628772e-01 2.966737165929628772e-01 2.966737165929628772e-01 3.822341857335128101e-01 3.585848875216304799e-01 5.141318977119784250e-01 6.469909632762930185e-01 7.663910786387233554e-01 7.746587194770236939e-01 8.356085368198423735e-01 7.817727360123053471e-01 7.804268409921168992e-01 7.786964045375889265e-01 8.421457412036147394e-01 8.084983656989040979e-01 7.860026917900403420e-01 7.860026917900403420e-01 8.040761392039992295e-01 7.777350509517400035e-01 7.779273216689098769e-01
6.189194385695058198e-01 3.587771582388002423e-01 7.194770236492982196e-01 5.595077869640453505e-01 7.625456642953277742e-01 8.467602384156892592e-01 8.423380119207845018e-01 8.334935589309747650e-01 8.067679292443761252e-01 7.738896366083445333e-01 7.458181119015574456e-01 7.540857527398576732e-01 7.458181119015574456e-01 8.092674485675831475e-01 8.013843491636223337e-01 8.013843491636223337e-01 7.931167083253221062e-01 7.929244376081522327e-01 8.317631224764467923e-01 7.740819073255142957e-01 7.861949625072101044e-01
6.164199192462987975e-01 7.114016535281676434e-01 7.271678523360891599e-01 7.377427417804268694e-01 7.338973274370312883e-01 7.310132666794847411e-01 7.460103826187272080e-01 7.446644875985387602e-01 7.498557969621226782e-01 7.588925206691020664e-01 7.590847913862718288e-01 7.598538742549509895e-01 7.448567583157085226e-01 7.456258411843875722e-01 7.588925206691020664e-01 7.975389348202268636e-01 7.850413382041915300e-01 8.271486252643722725e-01 8.886752547587002393e-01 8.888675254758700017e-01 8.884829840415304769e-01
4.858681022880215195e-01 3.195539319361661024e-01 3.164776004614497373e-01 5.352816766006537330e-01 6.531436262257258596e-01 7.858104210728705796e-01 7.808113824264564240e-01 7.425495097096712627e-01 7.377427417804268694e-01 7.238992501442030880e-01 7.281292059219380830e-01 7.281292059219380830e-01 7.281292059219380830e-01 7.279369352047683206e-01 7.806191117092866616e-01 7.638915593155162220e-01 7.592770621034415912e-01 7.515862334166506509e-01 7.515862334166506509e-01 7.517785041338204133e-01 7.064026148817534878e-01
