5.608536819842337984e-01 3.355124014612574368e-01 3.366660257642761223e-01 5.604691405498942736e-01 5.645068256104595061e-01 5.448952124591425195e-01 6.360315323976158952e-01 4.745241299750048158e-01 6.127667756200730897e-01 6.604499134781772751e-01 6.906364160738319713e-01 6.464141511247837313e-01 6.789079023264756874e-01 7.156316093059027494e-01 7.006344933666602826e-01 6.825610459527013951e-01 6.554508748317631195e-01 6.946741011343972039e-01 6.842914824072293678e-01 7.060180734474139630e-01 7.442799461641992353e-01
6.642953278215727453e-01 7.681215150932513280e-01 7.294751009421265309e-01 7.233224379926936898e-01 7.467794654874062577e-01 7.711978465679677486e-01 7.740819073255142957e-01 7.575466256489136185e-01 7.875408575273985523e-01 7.983080176889060242e-01 8.015766198807922072e-01 8.217650451836184811e-01 8.254181888098442998e-01 7.856181503557008172e-01 8.254181888098442998e-01 8.283022495673908470e-01 8.273408959815420349e-01 7.819650067294751095e-01 7.815804652951355846e-01 8.006152662949432841e-01 8.156123822341857510e-01
6.377619688521438679e-01 7.035185541242068297e-01 7.231301672755239274e-01 7.175543164776004845e-01 6.987117861949625475e-01 6.906364160738319713e-01 6.669871178619496410e-01 6.694866371851566633e-01 6.798692559123244994e-01 6.848682945587386550e-01 6.850605652759085284e-01 6.871755431647760259e-01 6.858296481445875781e-01 6.864064602960968653e-01 6.871755431647760259e-01 6.885214381849644738e-01 6.877523553162853132e-01 6.883291674677946004e-01 6.898673332051528106e-01 6.896750624879830482e-01 6.912132282253412585e-01
6.027686983272447785e-01 5.610459527014035608e-01 6.214189578927129531e-01 7.258219573159008231e-01 5.081715054797154574e-01 7.004422226494905201e-01 7.327437031340127138e-01 7.437031340126898371e-01 7.135166314170351409e-01 7.035185541242068297e-01 7.329359738511824762e-01 7.692751393962699025e-01 5.956546817919631254e-01 5.625841184387617711e-01 7.604306864064602767e-01 6.302634108825225789e-01 7.040953662757162279e-01 7.517785041338204133e-01 7.621611228609882494e-01 7.763891559315516666e-01 7.583157085175927792e-01
6.043068640646029888e-01 5.010574889444338043e-01 6.531436262257258596e-01 6.681407421649683265e-01 7.054412612959046758e-01 7.144779850028840640e-01 7.127475485483560913e-01 7.150547971543933512e-01 7.183233993462795342e-01 7.213997308209959547e-01 7.231301672755239274e-01 7.217842722553354795e-01 7.244760622957123752e-01 7.221688136896751153e-01 7.237069794270332146e-01 7.271678523360891599e-01 7.302441838108055805e-01 7.335127860026917634e-01 7.294751009421265309e-01 7.298596423764660557e-01 7.300519130936358181e-01
6.708325322053451112e-01 2.439915400884445362e-01 3.772351470870986545e-01 3.937704287636992762e-01 4.128052297635070311e-01 4.216496827533166569e-01 4.483753124399154077e-01 4.610651797731205592e-01 4.554893289751970609e-01 4.660642184195347149e-01 4.843299365506633092e-01 4.918284945202845426e-01 4.895212459142472827e-01 4.979811574697173837e-01 5.099019419342434301e-01 5.081715054797154574e-01 5.091328590655642694e-01 5.022111132474523787e-01 5.304749086714093398e-01 5.149009805806575857e-01 5.310517208229186270e-01
5.771966929436647131e-01 5.354739473178234954e-01 5.781580465295135252e-01 6.464141511247837313e-01 6.692943664679869009e-01 6.316093059027110268e-01 7.321668909825033156e-01 7.060180734474139630e-01 6.266102672562968712e-01 7.488944433762737551e-01 6.485291290136512288e-01 7.371659296289174712e-01 7.898481061334359232e-01 7.608152278407998015e-01 7.479330897904249431e-01 7.335127860026917634e-01 7.613920399923091997e-01 7.917708133051336583e-01 7.775427802345702410e-01 7.831186310324937949e-01 8.219573159007883545e-01
5.989232839838493083e-01 4.170351855412420816e-01 4.522207267833108779e-01 4.470294174197269599e-01 4.597192847529321114e-01 4.674101134397231072e-01 4.677946548740626875e-01 4.668333012882138200e-01 4.737550471063257107e-01 4.718323399346279756e-01 4.760622957123630261e-01 4.764468371467025509e-01 4.743318592578350534e-01 4.756777542780234458e-01 6.783310901749664001e-01 4.843299365506633092e-01 5.366275716208421809e-01 6.041145933474332264e-01 6.314170351855412644e-01 6.400692174581811278e-01 6.487213997308209912e-01
6.037300519130935905e-01 6.842914824072293678e-01 7.331282445683522386e-01 6.321861180542203140e-01 6.323783887713900764e-01 6.792924437608152122e-01 7.044799077100557527e-01 7.296673716592962933e-01 7.644683714670256203e-01 7.800422995577773744e-01 7.779273216689098769e-01 7.940780619111709182e-01 7.985002884060757866e-01 7.852336089213612924e-01 7.540857527398576732e-01 7.696596808306095383e-01 7.967698519515478139e-01 7.958084983656988909e-01 7.846567967698520052e-01 7.010190348009998074e-01 7.946548740626802054e-01
4.522207267833108779e-01 4.506825610459527232e-01 4.541434339550086685e-01 7.287060180734473702e-01 4.664487598538742397e-01 4.739473178234954731e-01 5.262449528936743448e-01 4.818304172274562314e-01 4.816381465102864690e-01 5.610459527014035608e-01 5.821957315900788688e-01 6.327629302057297123e-01 6.671793885791194034e-01 6.692943664679869009e-01 6.744856758315708189e-01 6.666025764276101162e-01 6.798692559123244994e-01 6.739088636800615317e-01 6.744856758315708189e-01 6.710248029225148736e-01 6.804460680638338976e-01
5.423956931359353861e-01 4.078061911170928755e-01 4.745241299750048158e-01 5.595077869640453505e-01 6.019996154585656178e-01 6.521822726398769365e-01 7.537012113055181484e-01 6.990963276293020723e-01 6.846760238415688926e-01 7.040953662757162279e-01 7.104402999423188314e-01 6.954431840030763645e-01 7.031340126898673049e-01 7.410113439723130524e-01 7.408190732551432900e-01 7.075562391847721733e-01 7.533166698711786236e-01 7.700442222649490631e-01 7.581234378004230168e-01 7.708133051336281127e-01 7.585079792347625416e-01
6.050759469332820384e-01 6.662180349932704804e-01 6.664103057104403538e-01 6.644875985387425077e-01 6.689098250336473761e-01 6.723706979427033215e-01 6.985195154777927851e-01 6.733320515285522445e-01 6.800615266294943728e-01 6.939050182657181542e-01 7.190924822149586948e-01 7.408190732551432900e-01 7.402422611036338918e-01 7.560084599115555193e-01 7.544702941741973090e-01 7.711978465679677486e-01 7.777350509517400035e-01 8.052297635070179149e-01 7.896558354162660498e-01 7.802345702749471368e-01 7.785041338204191641e-01
5.147087098634878233e-01 5.516246875600846478e-01 5.377811959238607553e-01 5.679676985195154515e-01 3.105172082291867142e-01 4.266487213997308126e-01 4.751009421265141586e-01 5.522014997115939350e-01 6.068063833878100111e-01 6.467986925591232561e-01 6.619880792155354854e-01 6.996731397808113595e-01 6.823687752355316327e-01 6.756393001345895044e-01 7.279369352047683206e-01 7.381272832147663943e-01 7.677369736589118032e-01 7.661988079215535929e-01 7.956162276485291285e-01 8.008075370121130465e-01 7.829263603153239215e-01
5.306671793885791022e-01 6.796769851951547370e-01 6.541049798115746716e-01 5.931551624687559920e-01 6.671793885791194034e-01 6.840992116900596054e-01 6.687175543164776137e-01 7.863872332243799779e-01 7.788886752547586889e-01 8.002307248606037593e-01 7.860026917900403420e-01 8.006152662949432841e-01 8.115746971736204074e-01 8.069601999615458876e-01 8.198423380119207460e-01 8.100365314362623081e-01 7.958084983656988909e-01 8.133051336281483801e-01 7.977312055373966260e-01 7.790809459719284513e-01 8.058065756585272021e-01
6.048836762161122760e-01 6.231493943472409258e-01 6.383387810036531551e-01 6.677562007306286906e-01 7.062103441645837254e-01 7.504326091136319654e-01 7.033262834070370673e-01 6.979427033262833868e-01 7.029417419726975425e-01 7.342818688713709241e-01 7.610074985579696749e-01 7.733128244568352461e-01 8.186887137089021715e-01 7.360123053258988968e-01 8.017688905979619696e-01 8.208036915977696690e-01 8.202268794462603818e-01 8.263795423956931119e-01 8.233032109209766913e-01 8.283022495673908470e-01 8.263795423956931119e-01
5.191309363583925807e-01 5.512401461257450119e-01 6.694866371851566633e-01 5.300903672370698150e-01 6.890982503364737610e-01 7.025572005383580176e-01 7.033262834070370673e-01 6.717938857911940342e-01 7.012113055181695698e-01 7.127475485483560913e-01 7.135166314170351409e-01 7.212074601038261923e-01 7.171697750432609597e-01 7.167852336089213239e-01 7.104402999423188314e-01 7.104402999423188314e-01 7.110171120938281186e-01 7.150547971543933512e-01 7.190924822149586948e-01 7.212074601038261923e-01 7.110171120938281186e-01
7.567775427802345689e-01 4.199192462987886842e-01 3.839646221880407828e-01 4.222264949048259997e-01 4.999038646414151188e-01 4.762545664295327885e-01 5.077869640453759326e-01 5.272063064795231568e-01 5.223995385502787636e-01 5.091328590655642694e-01 5.170159584695250832e-01 5.137473562776389002e-01 5.112478369544318779e-01 5.087483176312247446e-01 5.149009805806575857e-01 5.147087098634878233e-01 5.102864833685829549e-01 5.314362622572582628e-01 5.304749086714093398e-01 5.637377427417804565e-01 7.927321668909824703e-01
4.702941741972697653e-01 4.668333012882138200e-01 4.522207267833108779e-01 4.612574504902903216e-01 4.658719477023649524e-01 4.679869255912324499e-01 4.720246106517977380e-01 4.704864449144395278e-01 5.200922899442415037e-01 4.779850028840607612e-01 5.004806767929244060e-01 5.062487983080177223e-01 5.262449528936743448e-01 7.279369352047683206e-01 6.294943280138435293e-01 6.612189963468563247e-01 7.535089405883483860e-01 7.669678907902326426e-01 7.931167083253221062e-01 7.954239569313593661e-01 7.485099019419342303e-01
4.850990194193424143e-01 6.691020957508171385e-01 6.985195154777927851e-01 6.919823110940204192e-01 7.021726591040184928e-01 7.039030955585464655e-01 7.052489905787349134e-01 7.077485099019419357e-01 7.067871563160930126e-01 7.940780619111709182e-01 7.233224379926936898e-01 7.483176312247644679e-01 7.802345702749471368e-01 7.677369736589118032e-01 7.967698519515478139e-01 7.802345702749471368e-01 7.911940011536242601e-01 7.835031724668333197e-01 7.756200730628725060e-01 7.810036531436261864e-01 7.325514324168429514e-01
6.162276485291290351e-01 6.904441453566622089e-01 7.037108248413767031e-01 7.296673716592962933e-01 7.254374158815611873e-01 7.229378965583541650e-01 7.267833109017496351e-01 7.294751009421265309e-01 7.283214766391078454e-01 7.313978081138242660e-01 7.319746202653335532e-01 7.308209959623149787e-01 7.321668909825033156e-01 7.317823495481637908e-01 7.335127860026917634e-01 7.329359738511824762e-01 7.346664103057104489e-01 7.344741395885406865e-01 7.356277638915592609e-01 7.348586810228802113e-01 7.342818688713709241e-01
3.681984233801192108e-01 3.199384733705056827e-01 3.816573735820034674e-01 4.162661026725629765e-01 4.487598538742549326e-01 4.539511632378388506e-01 4.501057488944433804e-01 4.543357046721784309e-01 4.566429532782157463e-01 5.958469525091328878e-01 7.465871947702364952e-01 7.075562391847721733e-01 7.081330513362814605e-01 7.058258027302442006e-01 7.258219573159008231e-01 7.156316093059027494e-01 7.139011728513747768e-01 7.092866756393001459e-01 7.164006921745817991e-01 7.092866756393001459e-01 7.133243606998653785e-01
