3.353201307440876744e-01 5.450874831763122819e-01 6.212266871755431907e-01 6.446837146702557586e-01 6.471832339934627809e-01 6.531436262257258596e-01 5.395116323783887280e-01 6.964045375889251765e-01 7.338973274370312883e-01 7.531243991540088611e-01 7.242837915785426128e-01 7.581234378004230168e-01 7.123630071140165665e-01 7.533166698711786236e-01 7.456258411843875722e-01 7.213997308209959547e-01 7.617765814266487245e-01 7.829263603153239215e-01 7.777350509517400035e-01 7.690828686791001401e-01 7.577388963660834920e-01
6.648721399730821435e-01 6.635262449528936957e-01 6.639107863872332205e-01 7.033262834070370673e-01 6.985195154777927851e-01 6.862141895789271029e-01 6.865987310132666277e-01 6.969813497404345748e-01 6.869832724476062635e-01 6.798692559123244994e-01 7.433185925783503123e-01 7.162084214574120367e-01 7.375504710632571070e-01 7.488944433762737551e-01 7.394731782349548421e-01 7.400499903864641293e-01 7.529321284368390987e-01 7.683137858104210904e-01 7.304364545279753429e-01 7.154393385887329870e-01 7.346664103057104489e-01
6.379542395693136303e-01 6.806383387810036600e-01 6.804460680638338976e-01 6.804460680638338976e-01 6.302634108825225789e-01 6.231493943472409258e-01 6.566044991347818049e-01 6.989040569121323099e-01 7.160161507402422743e-01 6.714093443568543984e-01 7.710055758507978751e-01 7.179388579119400093e-01 7.631224764468371724e-01 7.277446644875985582e-01 7.440876754470293619e-01 7.504326091136319654e-01 7.540857527398576732e-01 7.640838300326859844e-01 6.681407421649683265e-01 7.640838300326859844e-01 7.775427802345702410e-01
6.016150740242260930e-01 6.025764276100750161e-01 5.377811959238607553e-01 4.737550471063257107e-01 3.772351470870986545e-01 5.562391847721591676e-01 5.056719861565083241e-01 6.694866371851566633e-01 5.502787925398961999e-01 5.656604499134781916e-01 7.085175927706209853e-01 6.048836762161122760e-01 7.277446644875985582e-01 7.796577581234378496e-01 7.546625648913670714e-01 7.738896366083445333e-01 8.086906364160738603e-01 7.358200346087291344e-01 7.763891559315516666e-01 7.204383772351470316e-01 7.658142664872139571e-01
6.046914054989425136e-01 5.839261680446068414e-01 5.843107094789463662e-01 5.108632955200922421e-01 6.504518361853489639e-01 6.767929244376081899e-01 7.039030955585464655e-01 6.842914824072293678e-01 6.677562007306286906e-01 7.162084214574120367e-01 5.946933282061142023e-01 6.504518361853489639e-01 6.300711401653528165e-01 6.437223610844068356e-01 7.748509901941934563e-01 7.696596808306095383e-01 7.183233993462795342e-01 7.462026533358969704e-01 6.829455873870409199e-01 7.123630071140165665e-01 7.192847529321284572e-01
6.716016150740242718e-01 6.708325322053451112e-01 6.667948471447798786e-01 6.658334935589309556e-01 6.654489521245914307e-01 6.698711786194962992e-01 6.741011343972312941e-01 6.750624879830802172e-01 6.935204768313786294e-01 6.965968083060949390e-01 6.931359353970389936e-01 6.923668525283599440e-01 6.985195154777927851e-01 7.187079407806190590e-01 6.848682945587386550e-01 7.358200346087291344e-01 7.669678907902326426e-01 7.608152278407998015e-01 7.123630071140165665e-01 7.417804268409921020e-01 7.527398577196693363e-01
5.773889636608344755e-01 5.983464718323399101e-01 6.044991347817727512e-01 6.915977696596807833e-01 6.673716592962891658e-01 6.352624495289367346e-01 6.233416650644106882e-01 6.071909248221495359e-01 7.696596808306095383e-01 7.579311670832532544e-01 6.825610459527013951e-01 7.371659296289174712e-01 7.523553162853297005e-01 7.352432224572197361e-01 7.563930013458950441e-01 7.248606037300519001e-01 6.360315323976158952e-01 7.298596423764660557e-01 6.735243222457220069e-01 6.856373774274178157e-01 7.217842722553354795e-01
4.735627763891559483e-01 4.727936935204768432e-01 4.231878484906748672e-01 4.572197654297250335e-01 5.348971351663142082e-01 5.108632955200922421e-01 5.456642953278215691e-01 5.737358200346087678e-01 7.598538742549509895e-01 8.000384541434339969e-01 8.379157854258796334e-01 7.594693328206114646e-01 7.838877139011728445e-01 7.625456642953277742e-01 7.331282445683522386e-01 7.786964045375889265e-01 7.667756200730628802e-01 7.696596808306095383e-01 7.573543549317438561e-01 7.888867525475870002e-01 7.139011728513747768e-01
6.066141126706402487e-01 5.054797154393385616e-01 5.043260911363199872e-01 5.022111132474523787e-01 6.698711786194962992e-01 6.854451067102480533e-01 6.696789079023264257e-01 6.758315708517592668e-01 6.873678138819457883e-01 6.581426648721400152e-01 7.952316862141896037e-01 7.729282830224957213e-01 7.529321284368390987e-01 7.952316862141896037e-01 7.731205537396654837e-01 7.312055373966545035e-01 7.767736973658911914e-01 7.235147087098634522e-01 7.594693328206114646e-01 7.521630455681599381e-01 7.604306864064602767e-01
4.518361853489713531e-01 5.860411459334743389e-01 5.616227648529128480e-01 5.110555662372621155e-01 6.193039800038454556e-01 5.485483560853682272e-01 5.600845991155547487e-01 6.631417035185541708e-01 5.646990963276292685e-01 5.448952124591425195e-01 5.464333781965006187e-01 5.452797538934820443e-01 6.404537588925206526e-01 6.233416650644106882e-01 6.723706979427033215e-01 6.915977696596807833e-01 6.971736204576043372e-01 7.558161891943856459e-01 7.477408190732551807e-01 7.456258411843875722e-01 7.548548356085368338e-01
5.366275716208421809e-01 4.060757546625649028e-01 7.208229186694866675e-01 7.158238800230725118e-01 6.942895597000576791e-01 7.002499519323207577e-01 7.108248413766583562e-01 6.542972505287444340e-01 6.839069409728898430e-01 6.837146702557200806e-01 5.841184387617766038e-01 6.500672947510094390e-01 5.881561238223418364e-01 7.479330897904249431e-01 7.754278023457027436e-01 7.610074985579696749e-01 7.708133051336281127e-01 6.642953278215727453e-01 7.952316862141896037e-01 7.783118631032494017e-01 7.450490290328782850e-01
6.000769082868678828e-01 6.904441453566622089e-01 7.342818688713709241e-01 7.344741395885406865e-01 7.139011728513747768e-01 7.137089021342050144e-01 6.815996923668525831e-01 6.564122284176120425e-01 6.964045375889251765e-01 6.854451067102480533e-01 6.892905210536435234e-01 6.637185156700634581e-01 6.712170736396846360e-01 6.719861565083637966e-01 6.856373774274178157e-01 6.996731397808113595e-01 7.223610844068448777e-01 7.263987694674101103e-01 7.263987694674101103e-01 7.129398192655258537e-01 7.306287252451452163e-01
5.145164391463180609e-01 5.541242068832916701e-01 4.106902518746394781e-01 4.991347817727360137e-01 5.304749086714093398e-01 6.779465487406267643e-01 7.810036531436261864e-01 7.848490674870217676e-01 8.000384541434339969e-01 7.252451451643914249e-01 7.619688521438184869e-01 7.621611228609882494e-01 7.731205537396654837e-01 7.983080176889060242e-01 7.781195923860796393e-01 7.650451836185349075e-01 7.890790232647567626e-01 8.092674485675831475e-01 8.198423380119207460e-01 7.940780619111709182e-01 8.275331666987117973e-01
5.295135550855604167e-01 5.946933282061142023e-01 5.941165160546049151e-01 6.298788694481830541e-01 6.325706594885598388e-01 6.731397808113823711e-01 6.469909632762930185e-01 6.856373774274178157e-01 7.654297250528744323e-01 7.738896366083445333e-01 6.023841568929052537e-01 7.606229571236300391e-01 7.513939626994808885e-01 7.548548356085368338e-01 7.469717362045760201e-01 7.506248798308017278e-01 7.052489905787349134e-01 7.742741780426840581e-01 6.617958084983657230e-01 6.504518361853489639e-01 6.429532782157277859e-01
6.066141126706402487e-01 7.106325706594885938e-01 5.233608921361276867e-01 3.887713901172851205e-01 5.450874831763122819e-01 5.247067871563161345e-01 5.996923668525283579e-01 6.312247644683715020e-01 6.541049798115746716e-01 7.904249182849452104e-01 7.108248413766583562e-01 7.881176696789079505e-01 7.817727360123053471e-01 8.063833878100364894e-01 8.206114208805999066e-01 7.979234762545663884e-01 8.229186694866371665e-01 7.958084983656988909e-01 8.227263987694674041e-01 8.267640838300326367e-01 8.002307248606037593e-01
5.189386656412228183e-01 5.356662180349932578e-01 6.489136704479907536e-01 6.781388194577965267e-01 6.862141895789271029e-01 7.040953662757162279e-01 7.033262834070370673e-01 5.873870409536627868e-01 5.981542011151701477e-01 5.854643337819650517e-01 6.233416650644106882e-01 6.179580849836570078e-01 6.760238415689290292e-01 5.821957315900788688e-01 7.479330897904249431e-01 5.771966929436647131e-01 7.485099019419342303e-01 7.650451836185349075e-01 7.242837915785426128e-01 6.981349740434531492e-01 7.531243991540088611e-01
7.587002499519323040e-01 7.269755816189193975e-01 6.210344164583734283e-01 6.667948471447798786e-01 6.666025764276101162e-01 6.875600845991155508e-01 6.596808306094982255e-01 7.692751393962699025e-01 7.806191117092866616e-01 7.481253605075947055e-01 7.294751009421265309e-01 7.260142280330705855e-01 6.291097865795038935e-01 6.066141126706402487e-01 6.610267256296865623e-01 6.775620073062872395e-01 6.812151509325129473e-01 7.121707363968468041e-01 7.179388579119400093e-01 7.162084214574120367e-01 6.987117861949625475e-01
4.708709863487791081e-01 3.030186502595654807e-01 4.804845222072678390e-01 5.641222841761199813e-01 6.346856373774274473e-01 5.318208036915977877e-01 5.675831570851759267e-01 5.873870409536627868e-01 5.439338588732935964e-01 5.527783118631032222e-01 6.612189963468563247e-01 7.983080176889060242e-01 7.760046144972120308e-01 7.965775812343780515e-01 8.225341280522976417e-01 7.592770621034415912e-01 8.127283214766390929e-01 7.950394154970198413e-01 8.002307248606037593e-01 8.169582772543741989e-01 8.050374927898481525e-01
4.849067487021726519e-01 4.303018650259565203e-01 4.520284560661411155e-01 5.858488752163045765e-01 5.973851182464910980e-01 5.983464718323399101e-01 6.204576043068640301e-01 5.204768313785810285e-01 5.498942511055566751e-01 5.645068256104595061e-01 5.616227648529128480e-01 5.598923283983848753e-01 5.587387040953663009e-01 5.612382234185733232e-01 5.704672178427225848e-01 5.681599692366852139e-01 5.760430686406460277e-01 5.675831570851759267e-01 5.887329359738512347e-01 7.587002499519323040e-01 7.471640069217457825e-01
6.162276485291290351e-01 5.887329359738512347e-01 6.806383387810036600e-01 6.806383387810036600e-01 7.085175927706209853e-01 7.085175927706209853e-01 6.575658527206306170e-01 7.017881176696788570e-01 6.808306094981734224e-01 7.098634877908094332e-01 7.642761007498557468e-01 7.306287252451452163e-01 7.283214766391078454e-01 7.213997308209959547e-01 7.694674101134397759e-01 8.229186694866371665e-01 8.231109402038069289e-01 7.931167083253221062e-01 8.021534320323014944e-01 7.971543933858873388e-01 7.923476254566429455e-01
3.672370697942703432e-01 5.043260911363199872e-01 4.568352239953855087e-01 5.746971736204575798e-01 6.056527590847914366e-01 6.212266871755431907e-01 6.198807921553547429e-01 6.458373389732743330e-01 6.312247644683715020e-01 6.221880407613920028e-01 7.519707748509901757e-01 6.940972889828879167e-01 7.100557585079791956e-01 7.525475870024995739e-01 7.517785041338204133e-01 7.523553162853297005e-01 7.596616035377812270e-01 7.836954431840030821e-01 7.902326475677754480e-01 7.552393770428763586e-01 7.817727360123053471e-01
