5.606614112670640360e-01 7.738896366083445333e-01 7.498557969621226782e-01 7.371659296289174712e-01 7.300519130936358181e-01 7.271678523360891599e-01 7.248606037300519001e-01 7.248606037300519001e-01 7.344741395885406865e-01 7.656219957700441947e-01 7.615843107094789621e-01 7.615843107094789621e-01 7.600461449721207519e-01 7.600461449721207519e-01 7.611997692751394373e-01 7.810036531436261864e-01 7.810036531436261864e-01 7.635070178811766972e-01 7.636992885983464596e-01 7.144779850028840640e-01 7.033262834070370673e-01
7.681215150932513280e-01 7.513939626994808885e-01 7.421649682753316268e-01 7.283214766391078454e-01 7.212074601038261923e-01 7.210151893866564299e-01 7.173620457604307221e-01 7.173620457604307221e-01 7.827340895981541591e-01 7.900403768506056856e-01 7.860026917900403420e-01 7.860026917900403420e-01 7.977312055373966260e-01 8.219573159007883545e-01 8.223418573351278793e-01 8.242645645068256144e-01 8.244568352239953768e-01 8.242645645068256144e-01 8.488752163045568677e-01 8.334935589309747650e-01 8.334935589309747650e-01
6.385310517208229175e-01 7.015958469525090946e-01 5.641222841761199813e-01 6.864064602960968653e-01 5.779657758123437628e-01 7.298596423764660557e-01 7.531243991540088611e-01 7.246683330128821376e-01 7.604306864064602767e-01 7.663910786387233554e-01 7.660065372043837195e-01 7.646606421841953827e-01 7.898481061334359232e-01 7.923476254566429455e-01 8.004229955777735217e-01 8.111901557392808826e-01 8.111901557392808826e-01 8.033070563353201798e-01 8.006152662949432841e-01 8.002307248606037593e-01 8.058065756585272021e-01
6.789079023264756874e-01 7.237069794270332146e-01 7.250528744472216625e-01 7.250528744472216625e-01 7.246683330128821376e-01 7.237069794270332146e-01 7.237069794270332146e-01 7.237069794270332146e-01 7.242837915785426128e-01 7.310132666794847411e-01 7.340895981542011617e-01 7.356277638915592609e-01 7.356277638915592609e-01 7.927321668909824703e-01 7.927321668909824703e-01 8.008075370121130465e-01 7.838877139011728445e-01 7.865795039415497403e-01 7.865795039415497403e-01 7.844645260526821318e-01 7.902326475677754480e-01
6.044991347817727512e-01 6.954431840030763645e-01 7.110171120938281186e-01 7.206306479523169051e-01 7.223610844068448777e-01 7.263987694674101103e-01 7.162084214574120367e-01 7.190924822149586948e-01 7.219765429725052419e-01 7.227456258411844026e-01 7.238992501442030880e-01 7.235147087098634522e-01 7.235147087098634522e-01 7.221688136896751153e-01 7.248606037300519001e-01 7.248606037300519001e-01 7.288982887906172436e-01 7.248606037300519001e-01 7.302441838108055805e-01 7.302441838108055805e-01 7.244760622957123752e-01
2.445683522399538512e-01 7.185156700634492966e-01 4.139588540665256611e-01 7.021726591040184928e-01 6.631417035185541708e-01 7.587002499519323040e-01 7.915785425879638959e-01 7.565852720630648065e-01 7.752355316285329812e-01 8.025379734666410192e-01 8.096519900019226723e-01 7.740819073255142957e-01 7.838877139011728445e-01 8.200346087290905084e-01 8.158046529513555134e-01 8.156123822341857510e-01 8.156123822341857510e-01 7.410113439723130524e-01 7.408190732551432900e-01 7.173620457604307221e-01 7.175543164776004845e-01
5.773889636608344755e-01 7.210151893866564299e-01 7.160161507402422743e-01 7.139011728513747768e-01 7.129398192655258537e-01 7.406268025379734166e-01 7.383195539319361567e-01 7.312055373966545035e-01 7.308209959623149787e-01 7.294751009421265309e-01 7.413958854066525772e-01 7.360123053258988968e-01 7.352432224572197361e-01 7.335127860026917634e-01 7.306287252451452163e-01 7.306287252451452163e-01 7.308209959623149787e-01 7.308209959623149787e-01 7.306287252451452163e-01 7.137089021342050144e-01 7.806191117092866616e-01
5.991155547010190707e-01 7.229378965583541650e-01 5.927706210344164672e-01 6.767929244376081899e-01 7.340895981542011617e-01 7.419726975581618644e-01 7.460103826187272080e-01 7.467794654874062577e-01 7.458181119015574456e-01 7.398577196692943669e-01 7.375504710632571070e-01 7.444722168813689978e-01 7.444722168813689978e-01 7.444722168813689978e-01 7.444722168813689978e-01 7.294751009421265309e-01 7.736973658911747709e-01 7.908094597192847353e-01 7.719669294366467982e-01 7.802345702749471368e-01 7.802345702749471368e-01
6.148817535089405872e-01 3.958854066525668292e-01 5.693135935397038994e-01 7.071716977504326485e-01 7.406268025379734166e-01 7.431263218611805499e-01 7.450490290328782850e-01 7.733128244568352461e-01 7.742741780426840581e-01 8.059988463756969646e-01 8.596423764660642286e-01 8.761776581426649058e-01 9.061718900211497285e-01 8.921361276677561847e-01 8.819457796577581110e-01 8.702172659104018271e-01 8.690636416073831416e-01 8.036915977696597047e-01 8.036915977696597047e-01 8.396462218804076061e-01 8.281099788502210846e-01
7.200538358008075068e-01 7.585079792347625416e-01 6.239184772159199754e-01 8.069601999615458876e-01 7.933089790424918686e-01 7.806191117092866616e-01 8.294558738704095324e-01 8.002307248606037593e-01 8.329167467794654778e-01 8.165737358200345630e-01 7.785041338204191641e-01 7.590847913862718288e-01 7.538934820226879108e-01 7.423572389925013892e-01 7.429340511440107875e-01 7.421649682753316268e-01 8.329167467794654778e-01 8.117669678907902808e-01 8.117669678907902808e-01 8.477215920015381823e-01 8.373389732743703462e-01
4.991347817727360137e-01 3.633916554508748176e-01 7.156316093059027494e-01 5.781580465295135252e-01 7.961930398000384157e-01 7.296673716592962933e-01 8.302249567390885820e-01 8.457988848298404472e-01 8.577196692943664935e-01 8.504133820419149670e-01 8.377235147087098710e-01 8.340703710824841632e-01 8.338781003653144008e-01 8.469525091328590216e-01 8.254181888098442998e-01 8.256104595270140623e-01 8.256104595270140623e-01 7.846567967698520052e-01 8.294558738704095324e-01 8.563737742741780457e-01 8.809844260719092990e-01
6.448759853874255210e-01 3.633916554508748176e-01 5.650836377619689044e-01 7.673524322245721674e-01 7.669678907902326426e-01 7.642761007498557468e-01 7.673524322245721674e-01 7.786964045375889265e-01 7.650451836185349075e-01 8.165737358200345630e-01 8.227263987694674041e-01 8.094597192847529099e-01 7.790809459719284513e-01 7.731205537396654837e-01 7.733128244568352461e-01 7.733128244568352461e-01 8.511824649105941276e-01 8.438761776581427121e-01 8.436839069409728387e-01 8.138819457796577783e-01 7.935012497596616310e-01
5.473947317823495418e-01 7.083253220534512229e-01 7.273601230532590334e-01 7.252451451643914249e-01 7.244760622957123752e-01 7.412036146894828148e-01 7.392809075177850797e-01 6.877523553162853132e-01 6.952509132859066021e-01 6.871755431647760259e-01 6.998654104979811219e-01 7.310132666794847411e-01 7.290905595077870061e-01 7.288982887906172436e-01 7.288982887906172436e-01 7.287060180734473702e-01 7.262064987502403479e-01 7.952316862141896037e-01 7.827340895981541591e-01 8.246491059411651392e-01 8.246491059411651392e-01
4.691405498942510799e-01 7.398577196692943669e-01 7.490867140934435175e-01 7.454335704672178098e-01 7.446644875985387602e-01 7.590847913862718288e-01 7.552393770428763586e-01 7.635070178811766972e-01 7.600461449721207519e-01 7.590847913862718288e-01 7.611997692751394373e-01 7.681215150932513280e-01 7.658142664872139571e-01 7.663910786387233554e-01 7.652374543357046699e-01 7.477408190732551807e-01 7.477408190732551807e-01 8.371467025572005838e-01 8.069601999615458876e-01 8.004229955777735217e-01 8.183041722745625357e-01
7.096712170736396708e-01 7.440876754470293619e-01 7.371659296289174712e-01 7.325514324168429514e-01 7.300519130936358181e-01 7.288982887906172436e-01 7.287060180734473702e-01 7.287060180734473702e-01 7.435108632955200747e-01 7.419726975581618644e-01 7.367813881945779464e-01 7.360123053258988968e-01 7.363968467602384216e-01 7.363968467602384216e-01 7.354354931743894985e-01 7.392809075177850797e-01 7.390886368006153173e-01 7.977312055373966260e-01 7.827340895981541591e-01 7.819650067294751095e-01 7.462026533358969704e-01
5.189386656412228183e-01 7.254374158815611873e-01 7.256296865987310607e-01 7.215920015381657171e-01 7.225533551240146402e-01 7.212074601038261923e-01 7.212074601038261923e-01 7.212074601038261923e-01 7.212074601038261923e-01 7.212074601038261923e-01 7.212074601038261923e-01 7.212074601038261923e-01 7.212074601038261923e-01 7.212074601038261923e-01 7.215920015381657171e-01 7.215920015381657171e-01 7.329359738511824762e-01 7.377427417804268694e-01 7.394731782349548421e-01 7.271678523360891599e-01 7.611997692751394373e-01
7.596616035377812270e-01 7.512016919823111261e-01 7.473562776389155449e-01 7.429340511440107875e-01 7.400499903864641293e-01 7.444722168813689978e-01 7.585079792347625416e-01 8.131128629109786177e-01 8.150355700826764638e-01 8.077292828302249372e-01 8.050374927898481525e-01 8.009998077292828089e-01 8.021534320323014944e-01 7.996539127090943611e-01 8.015766198807922072e-01 8.011920784464525713e-01 8.002307248606037593e-01 8.002307248606037593e-01 8.002307248606037593e-01 8.002307248606037593e-01 8.002307248606037593e-01
4.031916939050182447e-01 2.966737165929628772e-01 5.598923283983848753e-01 3.235916169967313905e-01 6.766006537204384275e-01 5.527783118631032222e-01 7.823495481638146343e-01 7.967698519515478139e-01 7.929244376081522327e-01 7.829263603153239215e-01 7.796577581234378496e-01 7.779273216689098769e-01 7.760046144972120308e-01 7.765814266487214290e-01 8.258027302441838247e-01 8.750240338396462203e-01 8.750240338396462203e-01 7.783118631032494017e-01 7.783118631032494017e-01 7.783118631032494017e-01 7.783118631032494017e-01
6.189194385695058198e-01 3.587771582388002423e-01 6.706402614881753488e-01 8.008075370121130465e-01 7.810036531436261864e-01 7.671601615074024050e-01 8.273408959815420349e-01 8.144587579311670655e-01 7.992693712747548362e-01 7.986925591232455490e-01 7.963853105172081781e-01 7.702364929821188255e-01 7.915785425879638959e-01 8.463756969813497344e-01 8.334935589309747650e-01 7.981157469717361508e-01 7.960007690828686533e-01 7.960007690828686533e-01 7.960007690828686533e-01 7.960007690828686533e-01 8.481061334358777071e-01
6.164199192462987975e-01 7.114016535281676434e-01 7.271678523360891599e-01 7.377427417804268694e-01 7.375504710632571070e-01 7.333205152855220010e-01 7.262064987502403479e-01 7.396654489521246045e-01 7.404345318208036542e-01 7.481253605075947055e-01 7.446644875985387602e-01 7.452412997500480474e-01 7.417804268409921020e-01 7.417804268409921020e-01 7.415881561238223396e-01 7.415881561238223396e-01 7.415881561238223396e-01 7.325514324168429514e-01 7.325514324168429514e-01 7.306287252451452163e-01 7.308209959623149787e-01
4.858681022880215195e-01 7.594693328206114646e-01 7.531243991540088611e-01 7.423572389925013892e-01 7.396654489521246045e-01 7.306287252451452163e-01 7.287060180734473702e-01 7.277446644875985582e-01 7.277446644875985582e-01 7.265910401845798727e-01 7.265910401845798727e-01 7.331282445683522386e-01 7.617765814266487245e-01 7.617765814266487245e-01 7.408190732551432900e-01 7.911940011536242601e-01 7.677369736589118032e-01 7.948471447798500789e-01 7.948471447798500789e-01 7.677369736589118032e-01 7.677369736589118032e-01
