7.836192584394022775e-01 7.980692369181577872e-01 7.814056447149971829e-01 6.225788599889319208e-01 6.454528684744511580e-01 7.148127651724773823e-01 7.752259730676996918e-01 7.402078337330135760e-01 7.732275717887229227e-01 7.204697780237349081e-01 7.561335546947057784e-01 7.544425997663407601e-01 7.837729816147082085e-01 7.852179794625837594e-01 7.846645760314825413e-01 7.638812027301236096e-01 7.855869150833180159e-01 7.775010760622271810e-01 7.837729816147082085e-01 7.769784172661871047e-01 7.779929902232060046e-01
6.406874500399680761e-01 7.157965934944352515e-01 7.212691385353255935e-01 7.049129926827768511e-01 7.194859497017770389e-01 7.241898788661378372e-01 7.383939002644038796e-01 7.590235503904568803e-01 7.881387197933960032e-01 7.773166082518599973e-01 7.870011682961323141e-01 7.933960523888581307e-01 7.523519645821804547e-01 7.670171555063641788e-01 7.615138658304125840e-01 8.003443399126852764e-01 8.316116337699070993e-01 8.268769599704851592e-01 8.333640779683945121e-01 8.364692861095738285e-01 8.479677796224558417e-01
3.938080304986779634e-01 6.623624177581012296e-01 5.515587529976019310e-01 5.363709032773781304e-01 5.285925106068990464e-01 6.629465658242637005e-01 6.857898296747217959e-01 6.899096107729201233e-01 7.187480784603086370e-01 7.170263788968824770e-01 6.917542888765910725e-01 7.217610526963045281e-01 7.094631986718317185e-01 7.364569882555493940e-01 7.072803295824878766e-01 7.751952284326385501e-01 7.753489516079443700e-01 7.881387197933960032e-01 7.781467133985119355e-01 8.024349750968455819e-01 7.949640287769784708e-01
5.853778515649019631e-01 6.734919756502489863e-01 6.744143147020844609e-01 7.411916620549714452e-01 6.714628297362110754e-01 5.864231691569821159e-01 6.643608190370779987e-01 6.236549222160733263e-01 6.207341818852609716e-01 6.422861710631494470e-01 5.982905982905982745e-01 6.179364200946935171e-01 6.532005165098689892e-01 6.309414007255733647e-01 7.141978724712537696e-01 7.569944044764188584e-01 7.660640718194674514e-01 7.969931746910163817e-01 8.071081596261452384e-01 8.214044149295948172e-01 8.243558998954682027e-01
5.237963475373547118e-01 6.515710508516263655e-01 6.721699563426182245e-01 6.627006087437742332e-01 7.099551128328106531e-01 7.110926643300744532e-01 7.119842587468486750e-01 7.098628789276271167e-01 7.070036278669372676e-01 7.052511836684498547e-01 7.446965504519461598e-01 7.426059152677857433e-01 7.552112156428703038e-01 7.603763143331488950e-01 7.466949517309229289e-01 7.595769538215580985e-01 7.286478509500091683e-01 7.485088851995327364e-01 7.436819774949271489e-01 7.480477156736149436e-01 7.797454344216934174e-01
3.226342003320420426e-01 3.342249277501075921e-01 6.442538277070650743e-01 6.777654799237533556e-01 6.863739777408842668e-01 6.762589928057554101e-01 6.853594047838652559e-01 6.759208018200824064e-01 6.918157781467133560e-01 7.091557523212199676e-01 6.595646559675336640e-01 6.748447395929410009e-01 6.879726987640656377e-01 7.349505011375514485e-01 7.829428764680562702e-01 7.818975588759761175e-01 7.978232798376683199e-01 7.838959601549529976e-01 7.753796962430056228e-01 7.792227756256533411e-01 7.703375760929718208e-01
6.995019369120089037e-01 6.975342802680931653e-01 7.136444690401524404e-01 6.719854885322511517e-01 7.600073787124146385e-01 7.620980138965750550e-01 8.016663592203160382e-01 7.971468978663223126e-01 8.044333763758224620e-01 8.329336530775379721e-01 8.414806616245464888e-01 8.365615200147574759e-01 8.497202238209432545e-01 8.148865522966242114e-01 8.522412838959601000e-01 8.369919449056140159e-01 8.581442538277070931e-01 8.478448010822111636e-01 8.336407796839451212e-01 8.339174813994958413e-01 8.363770522043902922e-01
8.055709278730861511e-01 6.996864047223759764e-01 7.708294902539506444e-01 7.664022628051404551e-01 7.568406813011129275e-01 7.789768185451638738e-01 8.517186250999200237e-01 8.350242882616983886e-01 8.224497325216749699e-01 8.146405952161347441e-01 8.140871917850335260e-01 8.220500522658795717e-01 8.024964643669679765e-01 8.112894299944659604e-01 8.100903892270798767e-01 8.200516509869028026e-01 8.291213183299513956e-01 8.217426059152678208e-01 8.313349320543564902e-01 8.337330135891286576e-01 8.489208633093525691e-01
7.324909303326569976e-01 6.043472913976510874e-01 6.155383385599212387e-01 6.678657074340527133e-01 6.459140380003689508e-01 6.877574863186374232e-01 7.456188895037816344e-01 7.557031298038492384e-01 7.505995203836930418e-01 7.468486749062288599e-01 7.609604623993113659e-01 7.537969624300560056e-01 6.538461538461538547e-01 6.898173768677365869e-01 8.020045502059890419e-01 7.918588206357990433e-01 8.380065178626329159e-01 8.095677304310398004e-01 7.906905245034741014e-01 8.143024042304617405e-01 8.140257025149111314e-01
6.544917911824386092e-01 5.309598475066100720e-01 4.183422492775010770e-01 3.485826723236795099e-01 3.286294041689725165e-01 3.474451208264157653e-01 4.276886183361003346e-01 5.606899096107729186e-01 6.797638812027301247e-01 7.100780913730554422e-01 7.309844432146590520e-01 7.496464366967964255e-01 7.261575355100534646e-01 7.426674045379081379e-01 7.562565332349504565e-01 7.652339666728156242e-01 7.982537047285248599e-01 8.029268892578245165e-01 7.850335116522166867e-01 8.233105823033880499e-01 8.179917604378036389e-01
5.412285556170448597e-01 6.559060443952530184e-01 7.048515034126544565e-01 6.660825186005041587e-01 7.460493143946381744e-01 8.347168419110865267e-01 8.351780114370042085e-01 8.651847752567176641e-01 8.403431101272827997e-01 8.478448010822111636e-01 8.157781467133985442e-01 8.609420156182746586e-01 8.558691508331796038e-01 8.784049683330258373e-01 8.992805755395683054e-01 8.984197257578552254e-01 8.879050605669310814e-01 8.960216442230830580e-01 8.920555863001906616e-01 8.989731291889565545e-01 8.998647236057307763e-01
7.024534218778822892e-01 6.930455635491606925e-01 5.609051220562012441e-01 6.586423169156981894e-01 6.884338682899834305e-01 6.590727418065547294e-01 6.120334501629465240e-01 6.371210723728709668e-01 6.484965873455081908e-01 6.395498985427042760e-01 6.955358789891163962e-01 6.824079198179917594e-01 7.771628850765541774e-01 7.631125868535940659e-01 7.818975588759761175e-01 8.164852733198056933e-01 7.908135030437188906e-01 8.512267109389412001e-01 8.398204513312427233e-01 8.027731660825185855e-01 8.319498247555801029e-01
5.310828260468548612e-01 6.565824263665990257e-01 6.031482506302650037e-01 6.899711000430425178e-01 7.066346922462030111e-01 7.049129926827768511e-01 7.076492652032220221e-01 7.092787308614646458e-01 7.161040398450470024e-01 7.157658488593739987e-01 7.129373424337452914e-01 7.347352886921232340e-01 7.573325954620918621e-01 7.677242821127713279e-01 8.563303203590972856e-01 8.393285371702637887e-01 8.293365307753797211e-01 8.063702883846768366e-01 8.189755887597613970e-01 8.598966980261943949e-01 8.297669556662362611e-01
7.012236364754350637e-01 7.095554325770153659e-01 7.100166021029330476e-01 7.988685974297484726e-01 7.889995695751091942e-01 8.309967410686834866e-01 8.295517432208079356e-01 8.215888827399618899e-01 8.189755887597613970e-01 8.202053741622087335e-01 8.210662239439218135e-01 8.387751337391625706e-01 8.431101272827891124e-01 8.276148312119535611e-01 8.390210908196519268e-01 8.412347045440570215e-01 8.388673676443461069e-01 8.125499600319744387e-01 8.318268462153354248e-01 8.516263911947364873e-01 8.827092172415913485e-01
5.467011006579352017e-01 6.799483490130971974e-01 7.355346492037139194e-01 7.460185697595769216e-01 7.212691385353255935e-01 7.243128574063826264e-01 7.371333702268954013e-01 7.050667158580827820e-01 7.319375269015556684e-01 7.439894238455388997e-01 7.143208510114984477e-01 7.438049560351718270e-01 8.192522904753120061e-01 8.002213613724404873e-01 8.110434729139764931e-01 8.195904814609850098e-01 8.127036832072803696e-01 8.064625222898603729e-01 8.004058291828075600e-01 7.993297669556662655e-01 8.066777347352886984e-01
4.845047039291643376e-01 7.577937649880095439e-01 7.268339174813994719e-01 7.469101641763512545e-01 7.460800590296993162e-01 7.492775010760622800e-01 8.326569513619873630e-01 8.309352517985612030e-01 8.233413269384491917e-01 8.353009899772489977e-01 8.397282174260591869e-01 8.434790629035233689e-01 8.619873332103548114e-01 8.557461722929349257e-01 8.603271229170509349e-01 8.443399126852364489e-01 8.549160671462829875e-01 8.506425628727787291e-01 8.202053741622087335e-01 8.452622517370719235e-01 8.535633032035909729e-01
6.588882739961876567e-01 6.934144991698948379e-01 7.239439217856483699e-01 7.019307630818422128e-01 7.428826169833363524e-01 7.461415482998217108e-01 7.427596384430916743e-01 7.643423722560412914e-01 7.788845846399803374e-01 7.892762712906598033e-01 8.114431531697718913e-01 8.032035909733751256e-01 8.146405952161347441e-01 8.176535694521306352e-01 8.060320973990038329e-01 7.952099858574678271e-01 8.080304986779807130e-01 8.197442046362909407e-01 8.086146467441431840e-01 8.204820758777593426e-01 8.142409149603394569e-01
3.987271721084670872e-01 4.040459939740515538e-01 5.367705835331734177e-01 5.675459632294164170e-01 7.565639795855623184e-01 8.132878312734427295e-01 8.300744020168480120e-01 7.743651232859866118e-01 7.893685051958433396e-01 8.089835823648773294e-01 8.004673184529299546e-01 8.776670970915575465e-01 8.778823095369857610e-01 8.746541228555616554e-01 8.612494619688864095e-01 8.716104039845047335e-01 8.291828076000737902e-01 9.018631248847076565e-01 9.103793887966550313e-01 9.037078029883784946e-01 9.066900325893131329e-01
4.189878866137858870e-01 4.084117321527393485e-01 4.138842771936296905e-01 7.885691446842525432e-01 8.020967841111725782e-01 8.086146467441431840e-01 8.146405952161347441e-01 8.132878312734427295e-01 8.195597368259238680e-01 8.339789706696181248e-01 8.448010822111541307e-01 7.989915759699932618e-01 7.840189386951976758e-01 8.205435651478817372e-01 8.486134169587407072e-01 8.371456680809198359e-01 8.143946381356452768e-01 7.648957756871426206e-01 7.795609666113263447e-01 7.775318206972883228e-01 7.692000245957080207e-01
5.763696734919756537e-01 5.388612187173338341e-01 5.290844247678779810e-01 5.394146221484350523e-01 6.001660210293303654e-01 5.380926028408042905e-01 7.614831211953514423e-01 8.078152862325523875e-01 7.433437865092541452e-01 7.757486318637397682e-01 7.547193014818913692e-01 8.010514665190924255e-01 8.012359343294594982e-01 8.058168849535756184e-01 8.249400479616306736e-01 8.358236487732890740e-01 8.262005779991391519e-01 8.320113140257024975e-01 8.219270737256348935e-01 8.357621595031666795e-01 8.561458525487302129e-01
6.481276517247740454e-01 7.594232306462522786e-01 7.081104347291398149e-01 5.920186927381172470e-01 5.881448687204082759e-01 6.005349566500645109e-01 5.908811412408534469e-01 6.763204820758778046e-01 6.752444198487363991e-01 7.385783680747709523e-01 7.335362479247371503e-01 7.017770399065362819e-01 7.847568099366660777e-01 7.637582241898788205e-01 7.792535202607144829e-01 7.832195781836069903e-01 7.867552112156428468e-01 8.035110373239869874e-01 7.995757240361557328e-01 8.267539814302403700e-01 8.213736702945335644e-01
