4.249523458156551636e-01 7.998524257517063418e-01 7.983766832687696491e-01 7.755641640533726955e-01 7.679087499231384006e-01 7.724897005472545208e-01 7.740884215704360027e-01 7.927504150525733762e-01 8.411117260038123433e-01 8.633400971530468260e-01 8.555002152124454584e-01 8.777593309967410828e-01 8.708417881079751899e-01 8.614954190493758768e-01 8.444936358605423798e-01 8.525794748816331037e-01 8.367767324601856904e-01 8.333640779683945121e-01 8.460001229785402144e-01 8.261390887290167573e-01 8.194982475558014734e-01
6.782573940847321792e-01 7.116768123962368131e-01 6.924921601180593633e-01 7.083256471745680294e-01 6.854823833241099340e-01 6.951054540982598562e-01 6.926458832933652943e-01 7.683699194490561935e-01 7.744266125561090064e-01 7.872163807415606396e-01 8.190063333948226498e-01 8.726249769415237445e-01 8.657074340527577405e-01 8.649080735411670551e-01 8.800959232613908556e-01 8.681362602225911607e-01 8.663530713890426060e-01 8.637090327737809714e-01 8.533788353932239001e-01 8.406813011129558033e-01 8.497817130910656491e-01
4.017094017094017255e-01 6.497263727479555273e-01 5.754473344401401791e-01 6.051466519092418839e-01 5.578306585500829584e-01 7.246203037569943772e-01 7.571173830166636476e-01 7.674475803972207189e-01 7.299391256225788993e-01 7.494927135214904945e-01 6.909241837299391342e-01 7.919510545409825797e-01 8.104285802127528804e-01 8.127344278423415114e-01 8.040336961200270638e-01 8.222037754411855026e-01 8.411732152739347379e-01 8.282297239131771738e-01 8.436020414437680470e-01 8.469224620303756890e-01 8.651232859865953806e-01
5.855930640103301776e-01 7.006087437742114510e-01 6.558445551251306238e-01 6.598106130480231313e-01 6.894484412470024415e-01 7.238516878804648336e-01 7.623439709770645223e-01 7.743036340158642172e-01 7.986226403492590054e-01 7.980384922830966454e-01 8.132570866383815877e-01 8.022505072864785092e-01 8.057861403185143656e-01 8.028039107175797273e-01 7.899219086269445578e-01 8.562073418188526075e-01 8.566992559798315421e-01 8.747156121256840500e-01 8.604193568222344712e-01 8.546393654307323784e-01 8.463690585992744708e-01
6.049314394638135584e-01 5.934329459509315452e-01 6.061304802311996420e-01 6.690340035663776552e-01 6.781036709094263593e-01 6.920002459570805398e-01 7.310459324847814466e-01 7.692615138658304152e-01 7.755026747832503009e-01 7.724282112771321263e-01 7.679087499231384006e-01 7.733812949640287426e-01 8.128266617475250477e-01 8.428026809321773616e-01 8.189755887597613970e-01 8.476295886367828381e-01 8.669372194552050770e-01 8.416343847998524197e-01 8.405890672077722670e-01 8.431716165529115070e-01 8.454467195474389962e-01
3.999569575109143682e-01 5.236118797269876390e-01 3.840312365492221658e-01 6.319867183176535175e-01 6.885261021951669669e-01 6.875730185082703505e-01 7.185021213798191697e-01 7.825124515771997302e-01 7.740576769353747499e-01 8.061243313041873693e-01 8.223882432515525753e-01 8.274611080366476301e-01 8.331488655229662976e-01 8.705958310274857226e-01 8.629404168972514277e-01 8.574678718563610857e-01 8.473528869212322290e-01 8.615569083194982714e-01 8.491053311197196418e-01 8.602963782819897931e-01 8.584824448133800967e-01
6.987640656705405018e-01 6.957818360696058635e-01 6.888335485457787177e-01 7.099243681977495113e-01 7.148435098075386351e-01 7.185943552850028171e-01 7.163192522904753279e-01 7.172415913423108025e-01 7.129065977986841496e-01 7.465719731906782508e-01 8.215581381049007481e-01 8.178687818975588497e-01 7.828813871979339867e-01 7.943798807108159998e-01 8.259238762835885428e-01 7.917050974604931124e-01 7.982537047285248599e-01 7.888765910348644050e-01 7.895529730062104123e-01 8.127651724774026532e-01 8.078460308676136403e-01
8.035725265941093820e-01 6.563672139211708112e-01 7.451577199778638416e-01 7.541351534157290093e-01 7.045440570620427057e-01 7.297854024472729684e-01 7.220377544118551372e-01 7.244973252167496991e-01 7.616368443706573732e-01 7.768246940908811737e-01 7.912746725696365724e-01 7.936727541044087397e-01 8.140257025149111314e-01 8.155321896329090769e-01 7.771936297116153192e-01 7.833425567238516685e-01 8.026194429072126546e-01 7.920432884461661160e-01 8.578982967472176258e-01 8.567914898850150784e-01 8.263543011744450828e-01
7.219762651417327426e-01 5.187542273873209098e-01 5.896206112033449687e-01 5.994281497878619636e-01 6.840988747463567776e-01 7.342741191662055522e-01 7.131832995142347587e-01 7.246510483920556300e-01 8.030806124331304474e-01 8.327799299022320412e-01 8.086453913792043258e-01 8.544548976203651947e-01 8.554387259423230638e-01 8.368074770952468322e-01 8.235565393838775172e-01 8.184221853286601789e-01 8.426797023919325724e-01 8.491975650249031782e-01 8.493820328352702509e-01 8.606345692676627968e-01 8.290905736948902538e-01
6.181516325401217316e-01 6.260837483859066355e-01 4.909303326569513515e-01 6.492959478570989873e-01 7.059583102748570038e-01 7.331673123040030049e-01 7.660948164545287042e-01 7.356883723790198504e-01 7.678780052880772589e-01 7.768861833610034573e-01 7.798376683268769538e-01 7.887843571296808687e-01 8.665375391994096788e-01 8.365307753796962231e-01 8.661378589436143915e-01 8.549775564164053820e-01 8.583594662731353075e-01 8.807108159626144683e-01 8.806493266924921848e-01 8.675521121564286897e-01 8.980507901371210799e-01
6.919387566869581452e-01 4.361741376129865122e-01 5.585377851564902185e-01 6.452376560290229435e-01 7.262805140502982537e-01 7.438357006702330798e-01 7.671401340466088570e-01 7.945336038861218197e-01 8.082457111234089275e-01 8.309659964336223448e-01 8.447395929410317361e-01 8.187603763143331825e-01 7.996372133062780163e-01 8.442476787800529126e-01 8.266002582549345501e-01 8.333025886982721175e-01 8.290598290598291120e-01 8.445243804956035216e-01 8.643546701100658369e-01 8.742851872348275100e-01 8.654922216073295260e-01
6.807169648896267411e-01 5.126975342802680968e-01 5.522351349689479383e-01 6.998093832626206545e-01 6.947365184775257108e-01 6.933530098997724433e-01 6.981491729693168891e-01 7.573633400971530039e-01 7.720285310213367280e-01 8.081842218532866440e-01 8.152554879173584679e-01 8.123962368566685077e-01 8.098136875115292677e-01 8.063087991145545530e-01 8.409887474635675542e-01 8.359158826784726104e-01 8.379450285925106323e-01 8.849843202361188377e-01 8.640779683945151168e-01 8.633093525179855732e-01 8.698272151509561789e-01
5.162639119473652061e-01 6.134784480108220750e-01 6.452376560290229435e-01 6.500645637336285310e-01 7.030683145791059019e-01 7.100473467379941894e-01 7.103855377236671931e-01 7.455574002336592399e-01 7.495234581565516363e-01 7.550574924675643729e-01 7.510299452745495818e-01 7.469101641763512545e-01 7.844801082211154686e-01 8.408350242882617342e-01 8.312119535141118121e-01 8.499354362663714690e-01 8.563610649941585384e-01 8.461231015187850035e-01 8.498432023611879327e-01 8.721638074156059517e-01 8.443091680501751961e-01
6.788415421508946501e-01 6.697411301727848043e-01 7.457418680440263126e-01 7.386706019799544887e-01 7.562872778700117093e-01 7.256656213490746410e-01 7.444198487363955508e-01 7.450347414376191635e-01 8.076615630572464566e-01 8.277685543872593810e-01 8.168849535756010916e-01 8.212506917542888862e-01 8.106130480231199531e-01 8.409272581934452706e-01 8.545778761606099838e-01 8.701039168665067880e-01 8.788353932238823774e-01 8.792965627498001702e-01 8.907643116276209305e-01 8.730861464674414263e-01 8.663223267539814643e-01
5.460247186865891944e-01 7.350427350427350959e-01 7.129373424337452914e-01 7.142593617413761642e-01 7.261882801451147174e-01 7.504150525733259691e-01 7.782696919387567247e-01 8.137797454344216641e-01 8.297977003012974029e-01 7.887228678595584741e-01 7.856484043534402995e-01 7.992067884154214763e-01 7.935805201992252034e-01 8.119043226956895731e-01 8.048330566316177492e-01 8.491360757547807836e-01 8.508577753182069436e-01 8.388058783742237123e-01 8.270614277808522319e-01 8.358543934083502158e-01 8.425259792166267525e-01
5.423661071143085488e-01 5.768615876529545883e-01 5.798438172538892266e-01 6.011191047162269818e-01 6.997171493574371182e-01 7.112156428703191313e-01 7.039906536309413765e-01 7.654491791182438387e-01 7.260960462399311810e-01 7.181946750292074189e-01 7.364262436204882523e-01 7.403615569083195069e-01 7.878620180778453941e-01 7.933345631187357361e-01 7.906597798684129597e-01 8.028039107175797273e-01 8.213736702945335644e-01 8.088298591895713985e-01 8.071696488962676330e-01 8.262313226342002936e-01 8.339174813994958413e-01
6.619627375023058313e-01 6.973805570927873454e-01 7.011621472053126691e-01 6.736456988255549172e-01 6.630080550943859841e-01 7.361802865399987850e-01 7.153969132386398533e-01 7.143515956465597005e-01 8.147328291213182805e-01 8.130111295578921204e-01 8.111971960892824240e-01 8.197442046362909407e-01 7.924737133370226561e-01 8.496587345508208600e-01 8.552850027670171329e-01 8.618028653999877386e-01 8.385599212937342450e-01 8.469532066654368307e-01 8.686589190186312370e-01 8.404353440324663360e-01 8.192522904753120061e-01
4.026009961261760028e-01 3.950993051712476389e-01 3.870134661501568041e-01 3.385599212937342450e-01 6.919080120518968924e-01 7.294164668265388229e-01 8.020352948410501837e-01 8.291520629650126484e-01 8.530406444075508965e-01 8.363770522043902922e-01 8.839697472790998267e-01 8.611572280637028731e-01 8.519338375453483492e-01 8.489516079444137109e-01 8.610035048883969422e-01 8.388366230092848541e-01 8.341019492098629140e-01 8.345323741007194540e-01 8.548545778761605929e-01 8.635553095984750405e-01 8.639857344893315805e-01
5.114677488778208714e-01 4.168050175244419897e-01 6.739224005411055263e-01 7.967472176105269144e-01 8.218348398204513572e-01 8.216196273750230317e-01 8.210354793088605607e-01 7.771936297116153192e-01 7.741499108405582863e-01 7.922892455266555833e-01 8.046793334563118183e-01 8.092295394453667967e-01 7.975158334870564580e-01 8.628789276271290332e-01 8.471684191108651563e-01 8.622332902908442787e-01 8.671524319006332915e-01 8.541781959048145856e-01 8.555002152124454584e-01 8.582672323679517712e-01 8.651847752567176641e-01
5.405214290106375996e-01 6.427165959540059870e-01 6.736764434606161700e-01 6.861280206603947995e-01 7.254196642685851737e-01 7.273873209125008010e-01 7.475558015126360090e-01 7.467256963659841817e-01 7.175490376929225533e-01 7.449117628973743743e-01 7.394392178564840323e-01 7.529976019184652092e-01 7.641271598106130769e-01 7.692615138658304152e-01 8.197749492713521935e-01 8.295209985857467938e-01 8.200516509869028026e-01 8.246018569759576700e-01 8.638320113140256495e-01 8.754534833671524519e-01 8.459078890733566780e-01
6.447149972329828671e-01 5.808583902109082375e-01 7.433745311443152870e-01 7.531205804587099983e-01 7.556723851687880966e-01 7.398696427473405723e-01 7.510606899096107236e-01 7.583471684191108730e-01 7.484473959294103418e-01 7.555801512636044492e-01 7.559798315193998475e-01 7.531513250937711401e-01 7.838037262497694613e-01 8.086146467441431840e-01 8.313349320543564902e-01 8.270921724159133737e-01 8.381909856730000996e-01 8.509807538584517328e-01 8.506733075078398709e-01 8.536555371087745092e-01 8.762220992436819955e-01
