5.606614112670640360e-01 7.740819073255142957e-01 7.412036146894828148e-01 7.412036146894828148e-01 7.340895981542011617e-01 7.817727360123053471e-01 7.244760622957123752e-01 6.575658527206306170e-01 7.262064987502403479e-01 8.079215535473946996e-01 7.977312055373966260e-01 7.977312055373966260e-01 7.979234762545663884e-01 7.983080176889060242e-01 8.092674485675831475e-01 8.100365314362623081e-01 7.977312055373966260e-01 8.100365314362623081e-01 8.075370121130551748e-01 8.075370121130551748e-01 8.009998077292828089e-01
7.681215150932513280e-01 7.513939626994808885e-01 7.483176312247644679e-01 7.519707748509901757e-01 8.081138242645644620e-01 8.184964429917324091e-01 8.177273601230532485e-01 8.334935589309747650e-01 8.311863103249375051e-01 8.267640838300326367e-01 8.213805037492789562e-01 8.286867910017304828e-01 8.281099788502210846e-01 8.283022495673908470e-01 8.284945202845606094e-01 7.975389348202268636e-01 7.938857911940011558e-01 7.954239569313593661e-01 7.954239569313593661e-01 7.954239569313593661e-01 8.102288021534320706e-01
6.385310517208229175e-01 7.015958469525090946e-01 7.046721784272255151e-01 7.033262834070370673e-01 7.033262834070370673e-01 7.033262834070370673e-01 7.033262834070370673e-01 7.033262834070370673e-01 7.033262834070370673e-01 7.033262834070370673e-01 7.033262834070370673e-01 7.235147087098634522e-01 7.235147087098634522e-01 7.033262834070370673e-01 7.033262834070370673e-01 7.629302057296674100e-01 7.629302057296674100e-01 7.629302057296674100e-01 7.698519515477793007e-01 7.698519515477793007e-01 7.698519515477793007e-01
6.789079023264756874e-01 7.194770236492982196e-01 7.223610844068448777e-01 7.246683330128821376e-01 7.377427417804268694e-01 7.387040953662756815e-01 7.046721784272255151e-01 7.046721784272255151e-01 6.198807921553547429e-01 6.191117092866756932e-01 6.262257258219573464e-01 6.856373774274178157e-01 6.552586041145933571e-01 6.542972505287444340e-01 6.606421841953470375e-01 6.673716592962891658e-01 7.783118631032494017e-01 7.890790232647567626e-01 8.088829071332436227e-01 8.088829071332436227e-01 8.034993270524899422e-01
6.044991347817727512e-01 7.267833109017496351e-01 6.160353778119592727e-01 3.818496442991732298e-01 3.530090367237069815e-01 4.756777542780234458e-01 5.979619303980003853e-01 6.310324937512017396e-01 7.033262834070370673e-01 6.775620073062872395e-01 7.398577196692943669e-01 7.394731782349548421e-01 7.413958854066525772e-01 7.417804268409921020e-01 7.417804268409921020e-01 7.310132666794847411e-01 7.312055373966545035e-01 7.231301672755239274e-01 7.231301672755239274e-01 7.258219573159008231e-01 7.279369352047683206e-01
2.445683522399538512e-01 7.185156700634492966e-01 7.279369352047683206e-01 6.908286867910017337e-01 7.042876369928859903e-01 6.027686983272447785e-01 6.981349740434531492e-01 6.337242837915785243e-01 7.769659680830609538e-01 7.748509901941934563e-01 7.335127860026917634e-01 7.946548740626802054e-01 8.006152662949432841e-01 8.006152662949432841e-01 7.865795039415497403e-01 8.423380119207845018e-01 8.423380119207845018e-01 8.067679292443761252e-01 8.084983656989040979e-01 7.848490674870217676e-01 7.848490674870217676e-01
5.773889636608344755e-01 7.156316093059027494e-01 7.137089021342050144e-01 7.521630455681599381e-01 6.481445875793117040e-01 5.708517592770621096e-01 6.904441453566622089e-01 7.183233993462795342e-01 7.248606037300519001e-01 7.625456642953277742e-01 7.169775043260910863e-01 7.169775043260910863e-01 6.779465487406267643e-01 8.104210728706018330e-01 8.117669678907902808e-01 8.256104595270140623e-01 8.146510286483368279e-01 8.050374927898481525e-01 8.050374927898481525e-01 7.944626033455104430e-01 8.027302441838107816e-01
5.991155547010190707e-01 7.229378965583541650e-01 7.304364545279753429e-01 7.167852336089213239e-01 7.033262834070370673e-01 7.033262834070370673e-01 7.033262834070370673e-01 7.033262834070370673e-01 7.033262834070370673e-01 7.033262834070370673e-01 7.033262834070370673e-01 7.033262834070370673e-01 7.033262834070370673e-01 7.033262834070370673e-01 7.064026148817534878e-01 7.064026148817534878e-01 7.064026148817534878e-01 7.056335320130744382e-01 7.056335320130744382e-01 7.044799077100557527e-01 7.044799077100557527e-01
6.148817535089405872e-01 3.812728321476638871e-01 6.056527590847914366e-01 7.067871563160930126e-01 7.360123053258988968e-01 7.510094212651413637e-01 7.579311670832532544e-01 7.579311670832532544e-01 7.452412997500480474e-01 7.452412997500480474e-01 7.452412997500480474e-01 7.446644875985387602e-01 7.458181119015574456e-01 7.452412997500480474e-01 7.894635646990962874e-01 7.412036146894828148e-01 7.098634877908094332e-01 7.073639684676024109e-01 7.073639684676024109e-01 7.658142664872139571e-01 7.640838300326859844e-01
7.200538358008075068e-01 7.033262834070370673e-01 5.233608921361276867e-01 7.033262834070370673e-01 7.117861949625071682e-01 6.881368967506248380e-01 6.854451067102480533e-01 7.129398192655258537e-01 7.025572005383580176e-01 7.108248413766583562e-01 7.173620457604307221e-01 7.383195539319361567e-01 7.337050567198615258e-01 7.008267640838300450e-01 7.521630455681599381e-01 7.827340895981541591e-01 7.827340895981541591e-01 8.156123822341857510e-01 8.156123822341857510e-01 8.073447413958854124e-01 8.075370121130551748e-01
4.991347817727360137e-01 7.644683714670256203e-01 7.504326091136319654e-01 7.494712555277831534e-01 7.465871947702364952e-01 7.127475485483560913e-01 7.165929628917515615e-01 7.165929628917515615e-01 7.165929628917515615e-01 7.165929628917515615e-01 7.137089021342050144e-01 7.513939626994808885e-01 7.462026533358969704e-01 7.525475870024995739e-01 7.569698134974043313e-01 7.569698134974043313e-01 7.563930013458950441e-01 7.571620842145740937e-01 7.573543549317438561e-01 7.573543549317438561e-01 7.573543549317438561e-01
6.448759853874255210e-01 7.462026533358969704e-01 7.308209959623149787e-01 7.256296865987310607e-01 7.206306479523169051e-01 7.206306479523169051e-01 7.206306479523169051e-01 7.200538358008075068e-01 7.175543164776004845e-01 7.175543164776004845e-01 7.175543164776004845e-01 7.156316093059027494e-01 7.156316093059027494e-01 7.183233993462795342e-01 7.183233993462795342e-01 7.175543164776004845e-01 7.838877139011728445e-01 8.175350894058834861e-01 8.013843491636223337e-01 7.954239569313593661e-01 7.944626033455104430e-01
5.473947317823495418e-01 5.527783118631032222e-01 6.669871178619496410e-01 6.983272447606229116e-01 6.981349740434531492e-01 7.046721784272255151e-01 7.048644491443952775e-01 7.117861949625071682e-01 7.133243606998653785e-01 7.133243606998653785e-01 7.137089021342050144e-01 7.152470678715631136e-01 7.150547971543933512e-01 7.150547971543933512e-01 7.150547971543933512e-01 7.150547971543933512e-01 7.175543164776004845e-01 7.661988079215535929e-01 7.661988079215535929e-01 7.631224764468371724e-01 8.034993270524899422e-01
4.691405498942510799e-01 3.408959815420111727e-01 2.966737165929628772e-01 2.966737165929628772e-01 3.781965006729475220e-01 3.780042299557777596e-01 5.883483945395115988e-01 5.100942126514131925e-01 6.592962891751585897e-01 7.273601230532590334e-01 7.256296865987310607e-01 7.581234378004230168e-01 7.911940011536242601e-01 7.829263603153239215e-01 7.829263603153239215e-01 7.829263603153239215e-01 7.929244376081522327e-01 7.956162276485291285e-01 7.825418188809843967e-01 7.758123437800422684e-01 7.760046144972120308e-01
7.096712170736396708e-01 7.437031340126898371e-01 7.190924822149586948e-01 6.287252451451643687e-01 4.204960584502980270e-01 6.083445491251682213e-01 5.848875216304556535e-01 7.273601230532590334e-01 7.335127860026917634e-01 7.458181119015574456e-01 7.713901172851375110e-01 8.204191501634301442e-01 8.058065756585272021e-01 8.496442991732359173e-01 8.481061334358777071e-01 8.507979234762546028e-01 8.617573543549317261e-01 8.617573543549317261e-01 8.629109786579504116e-01 8.617573543549317261e-01 8.617573543549317261e-01
5.189386656412228183e-01 7.250528744472216625e-01 7.233224379926936898e-01 7.250528744472216625e-01 7.263987694674101103e-01 7.258219573159008231e-01 7.033262834070370673e-01 7.033262834070370673e-01 7.033262834070370673e-01 7.500480676792924406e-01 7.535089405883483860e-01 7.504326091136319654e-01 8.073447413958854124e-01 8.221495866179581169e-01 8.221495866179581169e-01 8.442607190924822369e-01 8.484906748702172319e-01 8.592578350317247038e-01 8.577196692943664935e-01 8.748317631224764579e-01 8.757931167083252699e-01
7.596616035377812270e-01 7.512016919823111261e-01 7.479330897904249431e-01 7.444722168813689978e-01 7.431263218611805499e-01 7.413958854066525772e-01 7.033262834070370673e-01 7.033262834070370673e-01 7.033262834070370673e-01 7.033262834070370673e-01 7.033262834070370673e-01 7.983080176889060242e-01 7.894635646990962874e-01 7.894635646990962874e-01 8.192655258604114588e-01 8.192655258604114588e-01 8.123437800422995680e-01 8.123437800422995680e-01 7.881176696789079505e-01 7.990771005575850738e-01 7.990771005575850738e-01
4.031916939050182447e-01 7.033262834070370673e-01 7.033262834070370673e-01 7.033262834070370673e-01 7.446644875985387602e-01 8.252259180926745374e-01 7.550471063257065962e-01 8.300326860219188196e-01 7.992693712747548362e-01 7.860026917900403420e-01 7.860026917900403420e-01 7.717746587194770358e-01 7.713901172851375110e-01 7.654297250528744323e-01 7.542780234570275466e-01 7.542780234570275466e-01 7.542780234570275466e-01 7.531243991540088611e-01 7.531243991540088611e-01 7.529321284368390987e-01 7.496635262449529158e-01
6.189194385695058198e-01 7.661988079215535929e-01 7.410113439723130524e-01 7.033262834070370673e-01 7.033262834070370673e-01 7.033262834070370673e-01 7.033262834070370673e-01 7.033262834070370673e-01 7.033262834070370673e-01 7.033262834070370673e-01 7.033262834070370673e-01 7.169775043260910863e-01 7.169775043260910863e-01 7.169775043260910863e-01 7.177465871947702469e-01 7.169775043260910863e-01 7.167852336089213239e-01 7.167852336089213239e-01 7.169775043260910863e-01 7.167852336089213239e-01 7.165929628917515615e-01
6.164199192462987975e-01 7.338973274370312883e-01 6.102672562968659564e-01 5.370121130551817057e-01 7.075562391847721733e-01 7.015958469525090946e-01 7.015958469525090946e-01 7.302441838108055805e-01 7.633147471640069348e-01 7.635070178811766972e-01 7.625456642953277742e-01 6.900596039223226841e-01 6.883291674677946004e-01 6.844837531243991302e-01 6.844837531243991302e-01 7.408190732551432900e-01 7.225533551240146402e-01 7.271678523360891599e-01 7.054412612959046758e-01 6.983272447606229116e-01 6.967890790232647014e-01
4.858681022880215195e-01 3.195539319361661024e-01 3.385887329359738573e-01 6.410305710440299398e-01 7.610074985579696749e-01 7.569698134974043313e-01 7.538934820226879108e-01 7.836954431840030821e-01 7.783118631032494017e-01 7.783118631032494017e-01 7.783118631032494017e-01 7.796577581234378496e-01 7.686983272447606153e-01 7.679292443760815656e-01 7.731205537396654837e-01 7.740819073255142957e-01 7.677369736589118032e-01 7.677369736589118032e-01 7.646606421841953827e-01 7.302441838108055805e-01 7.258219573159008231e-01
